batch23_01112019_ENT1804_Ctg3_len_69945_depth_0.65x_circ_blaOXA-48	batch2_21032019_ENT1079_Ctg2_len_91643_depth_2.11x_circ_blaNDM-1	98.201	28409	416	5	37610	65925	59181	87587	0.0	48991
batch23_01112019_ENT1804_Ctg3_len_69945_depth_0.65x_circ_blaOXA-48	batch2_21032019_ENT1079_Ctg2_len_91643_depth_2.11x_circ_blaNDM-1	93.118	15839	983	30	52839	68601	74501	90308	0.0	23610
batch23_01112019_ENT1804_Ctg3_len_69945_depth_0.65x_circ_blaOXA-48	batch2_21032019_ENT1079_Ctg2_len_91643_depth_2.11x_circ_blaNDM-1	99.344	9147	60	0	27696	36842	50043	59189	0.0	16226
batch23_01112019_ENT1804_Ctg3_len_69945_depth_0.65x_circ_blaOXA-48	batch2_21032019_ENT1079_Ctg2_len_91643_depth_2.11x_circ_blaNDM-1	98.025	5772	114	0	2420	8191	27168	21397	0.0	9896
batch23_01112019_ENT1804_Ctg3_len_69945_depth_0.65x_circ_blaOXA-48	batch2_21032019_ENT1079_Ctg2_len_91643_depth_2.11x_circ_blaNDM-1	96.723	2655	87	0	25053	27707	12395	9741	0.0	4396
batch23_01112019_ENT1804_Ctg3_len_69945_depth_0.65x_circ_blaOXA-48	batch2_21032019_ENT1079_Ctg2_len_91643_depth_2.11x_circ_blaNDM-1	98.010	2111	40	2	22954	25063	14581	12472	0.0	3611
batch23_01112019_ENT1804_Ctg3_len_69945_depth_0.65x_circ_blaOXA-48	batch2_21032019_ENT1079_Ctg2_len_91643_depth_2.11x_circ_blaNDM-1	99.488	1952	7	3	15591	17541	18247	20196	0.0	3465
batch23_01112019_ENT1804_Ctg3_len_69945_depth_0.65x_circ_blaOXA-48	batch2_21032019_ENT1079_Ctg2_len_91643_depth_2.11x_circ_blaNDM-1	97.803	1912	42	0	1	1912	1	1912	0.0	3259
batch23_01112019_ENT1804_Ctg3_len_69945_depth_0.65x_circ_blaOXA-48	batch2_21032019_ENT1079_Ctg2_len_91643_depth_2.11x_circ_blaNDM-1	97.252	1310	36	0	17531	18840	18257	16948	0.0	2201
batch23_01112019_ENT1804_Ctg3_len_69945_depth_0.65x_circ_blaOXA-48	batch2_21032019_ENT1079_Ctg2_len_91643_depth_2.11x_circ_blaNDM-1	94.967	914	45	1	14635	15547	21405	20492	0.0	1438
batch23_01112019_ENT1804_Ctg3_len_69945_depth_0.65x_circ_blaOXA-48	batch2_21032019_ENT1079_Ctg2_len_91643_depth_2.11x_circ_blaNDM-1	93.990	599	31	5	69351	69945	91046	91643	0.0	901
batch23_01112019_ENT1804_Ctg3_len_69945_depth_0.65x_circ_blaOXA-48	batch2_21032019_ENT1079_Ctg2_len_91643_depth_2.11x_circ_blaNDM-1	98.252	515	9	0	1907	2421	28242	27728	0.0	888
batch23_01112019_ENT1804_Ctg3_len_69945_depth_0.65x_circ_blaOXA-48	batch2_21032019_ENT1079_Ctg2_len_91643_depth_2.11x_circ_blaNDM-1	97.821	413	9	0	22504	22916	16953	16541	0.0	704
batch23_01112019_ENT1804_Ctg3_len_69945_depth_0.65x_circ_blaOXA-48	batch2_21032019_ENT1079_Ctg2_len_91643_depth_2.11x_circ_blaNDM-1	92.997	357	25	0	52950	53306	74432	74788	6.55e-151	531
batch23_01112019_ENT1804_Ctg3_len_69945_depth_0.65x_circ_blaOXA-48	batch2_21032019_ENT1079_Ctg2_len_91643_depth_2.11x_circ_blaNDM-1	91.040	346	31	0	52839	53184	74636	74981	8.53e-137	484
batch23_01112019_ENT1804_Ctg3_len_69945_depth_0.65x_circ_blaOXA-48	batch2_21032019_ENT1079_Ctg2_len_91643_depth_2.11x_circ_blaNDM-1	92.308	325	25	0	52995	53319	74432	74756	1.54e-133	473
batch23_01112019_ENT1804_Ctg3_len_69945_depth_0.65x_circ_blaOXA-48	batch2_21032019_ENT1079_Ctg2_len_91643_depth_2.11x_circ_blaNDM-1	90.972	288	26	0	53019	53306	74411	74698	2.29e-112	403
batch23_01112019_ENT1804_Ctg3_len_69945_depth_0.65x_circ_blaOXA-48	batch2_21032019_ENT1079_Ctg2_len_91643_depth_2.11x_circ_blaNDM-1	89.062	256	28	0	53064	53319	74411	74666	2.79e-92	336
batch23_01112019_ENT1804_Ctg3_len_69945_depth_0.65x_circ_blaOXA-48	batch2_21032019_ENT1079_Ctg2_len_91643_depth_2.11x_circ_blaNDM-1	87.500	256	32	0	52839	53094	74726	74981	7.49e-87	318
batch23_01112019_ENT1804_Ctg3_len_69945_depth_0.65x_circ_blaOXA-48	batch2_21032019_ENT1079_Ctg2_len_91643_depth_2.11x_circ_blaNDM-1	90.196	153	15	0	53154	53306	74411	74563	9.76e-54	208
batch23_01112019_ENT1804_Ctg3_len_69945_depth_0.65x_circ_blaOXA-48	batch2_21032019_ENT1079_Ctg2_len_91643_depth_2.11x_circ_blaNDM-1	88.889	153	17	0	52839	52991	74816	74968	5.06e-51	199
batch23_01112019_ENT1804_Ctg3_len_69945_depth_0.65x_circ_blaOXA-48	batch2_21032019_ENT1079_Ctg2_len_91643_depth_2.11x_circ_blaNDM-1	95.833	96	4	0	40414	40509	60682	60777	5.40e-38	156
batch23_01112019_ENT1804_Ctg3_len_69945_depth_0.65x_circ_blaOXA-48	batch2_21032019_ENT1079_Ctg2_len_91643_depth_2.11x_circ_blaNDM-1	80.357	168	29	2	42615	42779	61921	62087	8.02e-36	149
batch23_01112019_ENT1804_Ctg3_len_69945_depth_0.65x_circ_blaOXA-48	batch2_21032019_ENT1079_Ctg2_len_91643_depth_2.11x_circ_blaNDM-1	96.629	89	3	0	42677	42765	57200	57288	2.80e-35	147
batch23_01112019_ENT1804_Ctg3_len_69945_depth_0.65x_circ_blaOXA-48	batch2_21032019_ENT1079_Ctg2_len_91643_depth_2.11x_circ_blaNDM-1	93.684	95	6	0	39111	39205	61985	62079	9.77e-35	145
batch23_01112019_ENT1804_Ctg3_len_69945_depth_0.65x_circ_blaOXA-48	batch2_21032019_ENT1079_Ctg2_len_91643_depth_2.11x_circ_blaNDM-1	95.506	89	4	0	34853	34941	64248	64336	3.41e-34	143
batch23_01112019_ENT1804_Ctg3_len_69945_depth_0.65x_circ_blaOXA-48	batch2_21032019_ENT1079_Ctg2_len_91643_depth_2.11x_circ_blaNDM-1	95.556	90	2	2	42676	42765	63272	63359	1.45e-32	138
batch23_01112019_ENT1804_Ctg3_len_69945_depth_0.65x_circ_blaOXA-48	batch2_21032019_ENT1079_Ctg2_len_91643_depth_2.11x_circ_blaNDM-1	85.124	121	18	0	53199	53319	74411	74531	1.45e-32	138
batch23_01112019_ENT1804_Ctg3_len_69945_depth_0.65x_circ_blaOXA-48	batch2_21032019_ENT1079_Ctg2_len_91643_depth_2.11x_circ_blaNDM-1	82.482	137	23	1	40381	40516	64214	64350	5.06e-32	136
batch23_01112019_ENT1804_Ctg3_len_69945_depth_0.65x_circ_blaOXA-48	batch2_21032019_ENT1079_Ctg2_len_91643_depth_2.11x_circ_blaNDM-1	92.308	91	6	1	39111	39200	64247	64337	7.51e-30	129
batch23_01112019_ENT1804_Ctg3_len_69945_depth_0.65x_circ_blaOXA-48	batch2_21032019_ENT1079_Ctg2_len_91643_depth_2.11x_circ_blaNDM-1	93.333	90	4	2	41701	41788	64247	64336	7.51e-30	129
batch23_01112019_ENT1804_Ctg3_len_69945_depth_0.65x_circ_blaOXA-48	batch2_21032019_ENT1079_Ctg2_len_91643_depth_2.11x_circ_blaNDM-1	90.722	97	7	2	34845	34941	63265	63359	2.62e-29	127
batch23_01112019_ENT1804_Ctg3_len_69945_depth_0.65x_circ_blaOXA-48	batch2_21032019_ENT1079_Ctg2_len_91643_depth_2.11x_circ_blaNDM-1	91.304	92	7	1	40411	40502	63269	63359	2.62e-29	127
batch23_01112019_ENT1804_Ctg3_len_69945_depth_0.65x_circ_blaOXA-48	batch2_21032019_ENT1079_Ctg2_len_91643_depth_2.11x_circ_blaNDM-1	91.209	91	7	1	42676	42766	60682	60771	9.15e-29	125
batch23_01112019_ENT1804_Ctg3_len_69945_depth_0.65x_circ_blaOXA-48	batch2_21032019_ENT1079_Ctg2_len_91643_depth_2.11x_circ_blaNDM-1	92.135	89	6	1	34853	34941	61986	62073	9.15e-29	125
batch23_01112019_ENT1804_Ctg3_len_69945_depth_0.65x_circ_blaOXA-48	batch2_21032019_ENT1079_Ctg2_len_91643_depth_2.11x_circ_blaNDM-1	80.000	150	23	4	39055	39202	57147	57291	3.19e-28	123
batch23_01112019_ENT1804_Ctg3_len_69945_depth_0.65x_circ_blaOXA-48	batch2_21032019_ENT1079_Ctg2_len_91643_depth_2.11x_circ_blaNDM-1	89.691	97	8	2	41694	41788	57192	57288	3.19e-28	123
batch23_01112019_ENT1804_Ctg3_len_69945_depth_0.65x_circ_blaOXA-48	batch2_21032019_ENT1079_Ctg2_len_91643_depth_2.11x_circ_blaNDM-1	91.111	90	7	1	39110	39199	63271	63359	3.19e-28	123
batch23_01112019_ENT1804_Ctg3_len_69945_depth_0.65x_circ_blaOXA-48	batch2_21032019_ENT1079_Ctg2_len_91643_depth_2.11x_circ_blaNDM-1	91.011	89	7	1	40415	40502	57200	57288	1.11e-27	122
batch23_01112019_ENT1804_Ctg3_len_69945_depth_0.65x_circ_blaOXA-48	batch2_21032019_ENT1079_Ctg2_len_91643_depth_2.11x_circ_blaNDM-1	90.217	92	8	1	41698	41788	61982	62073	1.11e-27	122
batch23_01112019_ENT1804_Ctg3_len_69945_depth_0.65x_circ_blaOXA-48	batch2_21032019_ENT1079_Ctg2_len_91643_depth_2.11x_circ_blaNDM-1	79.866	149	25	4	34800	34944	60626	60773	3.89e-27	120
batch23_01112019_ENT1804_Ctg3_len_69945_depth_0.65x_circ_blaOXA-48	batch2_21032019_ENT1079_Ctg2_len_91643_depth_2.11x_circ_blaNDM-1	88.889	90	9	1	41700	41788	60681	60770	1.65e-25	114
batch23_01112019_ENT1804_Ctg3_len_69945_depth_0.65x_circ_blaOXA-48	batch2_21032019_ENT1079_Ctg2_len_91643_depth_2.11x_circ_blaNDM-1	90.909	88	5	3	43606	43691	61987	62073	5.77e-25	113
batch23_01112019_ENT1804_Ctg3_len_69945_depth_0.65x_circ_blaOXA-48	batch2_21032019_ENT1079_Ctg2_len_91643_depth_2.11x_circ_blaNDM-1	88.636	88	8	2	41703	41789	65176	65262	2.46e-23	107
batch23_01112019_ENT1804_Ctg3_len_69945_depth_0.65x_circ_blaOXA-48	batch2_21032019_ENT1079_Ctg2_len_91643_depth_2.11x_circ_blaNDM-1	89.873	79	7	1	43614	43692	63283	63360	2.99e-22	104
batch23_01112019_ENT1804_Ctg3_len_69945_depth_0.65x_circ_blaOXA-48	batch2_21032019_ENT1079_Ctg2_len_91643_depth_2.11x_circ_blaNDM-1	89.873	79	7	1	43614	43691	64258	64336	2.99e-22	104
batch23_01112019_ENT1804_Ctg3_len_69945_depth_0.65x_circ_blaOXA-48	batch2_21032019_ENT1079_Ctg2_len_91643_depth_2.11x_circ_blaNDM-1	88.636	88	7	3	40416	40502	65176	65261	2.99e-22	104
batch23_01112019_ENT1804_Ctg3_len_69945_depth_0.65x_circ_blaOXA-48	batch2_21032019_ENT1079_Ctg2_len_91643_depth_2.11x_circ_blaNDM-1	87.500	88	9	2	42678	42765	65176	65261	1.04e-21	102
batch23_01112019_ENT1804_Ctg3_len_69945_depth_0.65x_circ_blaOXA-48	batch2_21032019_ENT1079_Ctg2_len_91643_depth_2.11x_circ_blaNDM-1	89.744	78	7	1	34864	34941	65185	65261	1.04e-21	102
batch23_01112019_ENT1804_Ctg3_len_69945_depth_0.65x_circ_blaOXA-48	batch2_21032019_ENT1079_Ctg2_len_91643_depth_2.11x_circ_blaNDM-1	89.744	78	6	2	43615	43691	60694	60770	1.27e-20	98.7
batch23_01112019_ENT1804_Ctg3_len_69945_depth_0.65x_circ_blaOXA-48	batch2_21032019_ENT1079_Ctg2_len_91643_depth_2.11x_circ_blaNDM-1	88.312	77	9	0	39123	39199	65185	65261	1.27e-20	98.7
batch23_01112019_ENT1804_Ctg3_len_69945_depth_0.65x_circ_blaOXA-48	batch2_21032019_ENT1079_Ctg2_len_91643_depth_2.11x_circ_blaNDM-1	87.342	79	9	1	43614	43691	57210	57288	1.55e-19	95.1
batch23_01112019_ENT1804_Ctg3_len_69945_depth_0.65x_circ_blaOXA-48	batch2_21032019_ENT1079_Ctg2_len_91643_depth_2.11x_circ_blaNDM-1	95.556	45	2	0	22916	22960	15257	15213	5.07e-13	73.4
batch23_01112019_ENT1804_Ctg3_len_69945_depth_0.65x_circ_blaOXA-48	batch2_21032019_ENT1079_Ctg2_len_91643_depth_2.11x_circ_blaNDM-1	89.286	56	4	1	15549	15602	20240	20185	1.77e-12	71.6
batch23_01112019_ENT1804_Ctg3_len_69945_depth_0.65x_circ_blaOXA-48	batch2_21032019_ENT1079_Ctg2_len_91643_depth_2.11x_circ_blaNDM-1	87.273	55	7	0	24719	24773	12537	12483	2.15e-11	68.0
batch23_01112019_ENT1804_Ctg3_len_69945_depth_0.65x_circ_blaOXA-48	batch2_21032019_ENT1079_Ctg2_len_91643_depth_2.11x_circ_blaNDM-1	78.947	76	16	0	52839	52914	74906	74981	7.52e-11	66.2
batch23_01112019_ENT1804_Ctg3_len_69945_depth_0.65x_circ_blaOXA-48	batch2_21032019_ENT1079_Ctg2_len_91643_depth_2.11x_circ_blaNDM-1	85.455	55	8	0	24998	25052	12816	12762	2.62e-10	64.4
batch23_01112019_ENT1804_Ctg3_len_69945_depth_0.65x_circ_blaOXA-48	batch2_21032019_ENT1079_Ctg2_len_91643_depth_2.11x_circ_blaNDM-1	92.857	42	3	0	42228	42269	62042	62083	9.16e-10	62.6
batch23_01112019_ENT1804_Ctg3_len_69945_depth_0.65x_circ_blaOXA-48	batch2_21032019_ENT1079_Ctg2_len_91643_depth_2.11x_circ_blaNDM-1	90.476	42	4	0	40471	40512	63799	63840	1.12e-08	59.0
batch23_01112019_ENT1804_Ctg3_len_69945_depth_0.65x_circ_blaOXA-48	batch2_21032019_ENT1079_Ctg2_len_91643_depth_2.11x_circ_blaNDM-1	89.130	46	4	1	42732	42777	63798	63842	3.89e-08	57.2
batch23_01112019_ENT1804_Ctg3_len_69945_depth_0.65x_circ_blaOXA-48	batch2_21032019_ENT1079_Ctg2_len_91643_depth_2.11x_circ_blaNDM-1	89.130	46	4	1	42227	42271	64303	64348	3.89e-08	57.2
batch23_01112019_ENT1804_Ctg3_len_69945_depth_0.65x_circ_blaOXA-48	batch2_21032019_ENT1079_Ctg2_len_91643_depth_2.11x_circ_blaNDM-1	86.792	53	5	2	46983	47034	68606	68555	3.89e-08	57.2
batch23_01112019_ENT1804_Ctg3_len_69945_depth_0.65x_circ_blaOXA-48	batch2_21032019_ENT1079_Ctg2_len_91643_depth_2.11x_circ_blaNDM-1	92.105	38	3	0	42228	42265	60739	60776	1.36e-07	55.4
batch23_01112019_ENT1804_Ctg3_len_69945_depth_0.65x_circ_blaOXA-48	batch2_21032019_ENT1079_Ctg2_len_91643_depth_2.11x_circ_blaNDM-1	70.866	127	16	6	33310	33415	61957	62083	1.36e-07	55.4
batch23_01112019_ENT1804_Ctg3_len_69945_depth_0.65x_circ_blaOXA-48	batch2_21032019_ENT1079_Ctg2_len_91643_depth_2.11x_circ_blaNDM-1	92.105	38	3	0	39168	39205	63799	63836	1.36e-07	55.4
batch23_01112019_ENT1804_Ctg3_len_69945_depth_0.65x_circ_blaOXA-48	batch2_21032019_ENT1079_Ctg2_len_91643_depth_2.11x_circ_blaNDM-1	70.408	98	12	2	42669	42766	55674	55754	4.74e-07	53.6
batch23_01112019_ENT1804_Ctg3_len_69945_depth_0.65x_circ_blaOXA-48	batch2_21032019_ENT1079_Ctg2_len_91643_depth_2.11x_circ_blaNDM-1	70.968	93	10	2	34849	34941	55678	55753	4.74e-07	53.6
batch23_01112019_ENT1804_Ctg3_len_69945_depth_0.65x_circ_blaOXA-48	batch2_21032019_ENT1079_Ctg2_len_91643_depth_2.11x_circ_blaNDM-1	85.106	47	7	0	44817	44863	64236	64282	4.74e-07	53.6
batch23_01112019_ENT1804_Ctg3_len_69945_depth_0.65x_circ_blaOXA-48	batch2_21032019_ENT1079_Ctg2_len_91643_depth_2.11x_circ_blaNDM-1	85.106	47	7	0	42665	42711	66390	66436	4.74e-07	53.6
batch23_01112019_ENT1804_Ctg3_len_69945_depth_0.65x_circ_blaOXA-48	batch2_21032019_ENT1079_Ctg2_len_91643_depth_2.11x_circ_blaNDM-1	70.408	98	13	2	40407	40504	55674	55755	1.66e-06	51.8
batch23_01112019_ENT1804_Ctg3_len_69945_depth_0.65x_circ_blaOXA-48	batch2_21032019_ENT1079_Ctg2_len_91643_depth_2.11x_circ_blaNDM-1	72.449	98	12	4	41702	41799	55682	55764	1.66e-06	51.8
batch23_01112019_ENT1804_Ctg3_len_69945_depth_0.65x_circ_blaOXA-48	batch2_21032019_ENT1079_Ctg2_len_91643_depth_2.11x_circ_blaNDM-1	88.095	42	3	1	39162	39201	55714	55755	1.66e-06	51.8
batch23_01112019_ENT1804_Ctg3_len_69945_depth_0.65x_circ_blaOXA-48	batch2_21032019_ENT1079_Ctg2_len_91643_depth_2.11x_circ_blaNDM-1	93.939	33	2	0	41440	41472	60744	60776	1.66e-06	51.8
batch23_01112019_ENT1804_Ctg3_len_69945_depth_0.65x_circ_blaOXA-48	batch2_21032019_ENT1079_Ctg2_len_91643_depth_2.11x_circ_blaNDM-1	93.939	33	2	0	41440	41472	62047	62079	1.66e-06	51.8
batch23_01112019_ENT1804_Ctg3_len_69945_depth_0.65x_circ_blaOXA-48	batch2_21032019_ENT1079_Ctg2_len_91643_depth_2.11x_circ_blaNDM-1	93.939	33	2	0	39173	39205	63011	63043	1.66e-06	51.8
batch23_01112019_ENT1804_Ctg3_len_69945_depth_0.65x_circ_blaOXA-48	batch2_21032019_ENT1079_Ctg2_len_91643_depth_2.11x_circ_blaNDM-1	93.939	33	2	0	40476	40508	63011	63043	1.66e-06	51.8
batch23_01112019_ENT1804_Ctg3_len_69945_depth_0.65x_circ_blaOXA-48	batch2_21032019_ENT1079_Ctg2_len_91643_depth_2.11x_circ_blaNDM-1	93.939	33	2	0	42233	42265	63011	63043	1.66e-06	51.8
batch23_01112019_ENT1804_Ctg3_len_69945_depth_0.65x_circ_blaOXA-48	batch2_21032019_ENT1079_Ctg2_len_91643_depth_2.11x_circ_blaNDM-1	93.939	33	2	0	41440	41472	63804	63836	1.66e-06	51.8
batch23_01112019_ENT1804_Ctg3_len_69945_depth_0.65x_circ_blaOXA-48	batch2_21032019_ENT1079_Ctg2_len_91643_depth_2.11x_circ_blaNDM-1	100.000	27	0	0	43665	43691	55727	55753	5.78e-06	50.0
batch23_01112019_ENT1804_Ctg3_len_69945_depth_0.65x_circ_blaOXA-48	batch2_21032019_ENT1079_Ctg2_len_91643_depth_2.11x_circ_blaNDM-1	87.805	41	3	1	33368	33408	60734	60772	5.78e-06	50.0
batch23_01112019_ENT1804_Ctg3_len_69945_depth_0.65x_circ_blaOXA-48	batch2_21032019_ENT1079_Ctg2_len_91643_depth_2.11x_circ_blaNDM-1	89.189	37	4	0	42739	42775	63011	63047	5.78e-06	50.0
batch23_01112019_ENT1804_Ctg3_len_69945_depth_0.65x_circ_blaOXA-48	batch2_21032019_ENT1079_Ctg2_len_91643_depth_2.11x_circ_blaNDM-1	100.000	27	0	0	41762	41788	63011	63037	5.78e-06	50.0
batch23_01112019_ENT1804_Ctg3_len_69945_depth_0.65x_circ_blaOXA-48	batch2_21032019_ENT1079_Ctg2_len_91643_depth_2.11x_circ_blaNDM-1	93.750	32	2	0	42227	42258	63327	63358	5.78e-06	50.0
batch23_01112019_ENT1804_Ctg3_len_69945_depth_0.65x_circ_blaOXA-48	batch2_21032019_ENT1079_Ctg2_len_91643_depth_2.11x_circ_blaNDM-1	100.000	27	0	0	41440	41466	63333	63359	5.78e-06	50.0
batch23_01112019_ENT1804_Ctg3_len_69945_depth_0.65x_circ_blaOXA-48	batch2_21032019_ENT1079_Ctg2_len_91643_depth_2.11x_circ_blaNDM-1	93.750	32	2	0	41756	41787	63798	63829	5.78e-06	50.0
batch23_01112019_ENT1804_Ctg3_len_69945_depth_0.65x_circ_blaOXA-48	batch2_21032019_ENT1079_Ctg2_len_91643_depth_2.11x_circ_blaNDM-1	93.750	32	2	0	43659	43690	63798	63829	5.78e-06	50.0
batch23_01112019_ENT1804_Ctg3_len_69945_depth_0.65x_circ_blaOXA-48	batch2_21032019_ENT1079_Ctg2_len_91643_depth_2.11x_circ_blaNDM-1	89.189	37	4	0	41440	41476	64310	64346	5.78e-06	50.0
batch23_01112019_ENT1804_Ctg3_len_69945_depth_0.65x_circ_blaOXA-48	batch2_21032019_ENT1079_Ctg2_len_91643_depth_2.11x_circ_blaNDM-1	93.750	32	2	0	42227	42258	65229	65260	5.78e-06	50.0
batch23_01112019_ENT1804_Ctg3_len_69945_depth_0.65x_circ_blaOXA-48	batch2_21032019_ENT1079_Ctg2_len_91643_depth_2.11x_circ_blaNDM-1	100.000	27	0	0	33380	33406	65235	65261	5.78e-06	50.0
batch23_01112019_ENT1804_Ctg3_len_69945_depth_0.65x_circ_blaOXA-48	batch2_21032019_ENT1079_Ctg2_len_91643_depth_2.11x_circ_blaNDM-1	93.548	31	2	0	41440	41470	55727	55757	2.02e-05	48.2
batch23_01112019_ENT1804_Ctg3_len_69945_depth_0.65x_circ_blaOXA-48	batch2_21032019_ENT1079_Ctg2_len_91643_depth_2.11x_circ_blaNDM-1	93.548	31	2	0	42233	42263	55727	55757	2.02e-05	48.2
batch23_01112019_ENT1804_Ctg3_len_69945_depth_0.65x_circ_blaOXA-48	batch2_21032019_ENT1079_Ctg2_len_91643_depth_2.11x_circ_blaNDM-1	69.892	93	11	2	33331	33406	57196	57288	2.02e-05	48.2
batch23_01112019_ENT1804_Ctg3_len_69945_depth_0.65x_circ_blaOXA-48	batch2_21032019_ENT1079_Ctg2_len_91643_depth_2.11x_circ_blaNDM-1	93.939	33	1	1	42227	42258	57255	57287	2.02e-05	48.2
batch23_01112019_ENT1804_Ctg3_len_69945_depth_0.65x_circ_blaOXA-48	batch2_21032019_ENT1079_Ctg2_len_91643_depth_2.11x_circ_blaNDM-1	89.474	38	3	1	41201	41237	61979	62016	2.02e-05	48.2
batch23_01112019_ENT1804_Ctg3_len_69945_depth_0.65x_circ_blaOXA-48	batch2_21032019_ENT1079_Ctg2_len_91643_depth_2.11x_circ_blaNDM-1	81.818	55	8	2	44806	44859	62755	62808	2.02e-05	48.2
batch23_01112019_ENT1804_Ctg3_len_69945_depth_0.65x_circ_blaOXA-48	batch2_21032019_ENT1079_Ctg2_len_91643_depth_2.11x_circ_blaNDM-1	89.474	38	3	1	42670	42707	62772	62808	2.02e-05	48.2
batch23_01112019_ENT1804_Ctg3_len_69945_depth_0.65x_circ_blaOXA-48	batch2_21032019_ENT1079_Ctg2_len_91643_depth_2.11x_circ_blaNDM-1	93.548	31	2	0	33380	33410	63011	63041	2.02e-05	48.2
batch23_01112019_ENT1804_Ctg3_len_69945_depth_0.65x_circ_blaOXA-48	batch2_21032019_ENT1079_Ctg2_len_91643_depth_2.11x_circ_blaNDM-1	93.939	33	1	1	34908	34940	63798	63829	2.02e-05	48.2
batch23_01112019_ENT1804_Ctg3_len_69945_depth_0.65x_circ_blaOXA-48	batch2_21032019_ENT1079_Ctg2_len_91643_depth_2.11x_circ_blaNDM-1	93.548	31	2	0	33380	33410	63804	63834	2.02e-05	48.2
batch23_01112019_ENT1804_Ctg3_len_69945_depth_0.65x_circ_blaOXA-48	batch2_21032019_ENT1079_Ctg2_len_91643_depth_2.11x_circ_blaNDM-1	86.667	45	4	2	41194	41237	66389	66432	2.02e-05	48.2
batch23_01112019_ENT1804_Ctg3_len_69945_depth_0.65x_circ_blaOXA-48	batch2_21032019_ENT1079_Ctg2_len_91643_depth_2.11x_circ_blaNDM-1	96.429	28	1	0	45716	45743	60656	60629	7.04e-05	46.4
batch23_01112019_ENT1804_Ctg3_len_69945_depth_0.65x_circ_blaOXA-48	batch2_21032019_ENT1079_Ctg2_len_91643_depth_2.11x_circ_blaNDM-1	85.106	47	5	2	42738	42784	60998	61042	7.04e-05	46.4
batch23_01112019_ENT1804_Ctg3_len_69945_depth_0.65x_circ_blaOXA-48	batch2_21032019_ENT1079_Ctg2_len_91643_depth_2.11x_circ_blaNDM-1	70.408	98	14	3	33335	33417	63273	63370	7.04e-05	46.4
batch23_01112019_ENT1804_Ctg3_len_69945_depth_0.65x_circ_blaOXA-48	batch2_21032019_ENT1079_Ctg2_len_91643_depth_2.11x_circ_blaNDM-1	100.000	25	0	0	44839	44863	63283	63307	7.04e-05	46.4
batch23_01112019_ENT1804_Ctg3_len_69945_depth_0.65x_circ_blaOXA-48	batch2_21032019_ENT1079_Ctg2_len_91643_depth_2.11x_circ_blaNDM-1	85.106	47	5	2	39427	39471	64309	64355	7.04e-05	46.4
batch23_01112019_ENT1804_Ctg3_len_69945_depth_0.65x_circ_blaOXA-48	batch2_21032019_ENT1079_Ctg2_len_91643_depth_2.11x_circ_blaNDM-1	96.429	28	1	0	33380	33407	64310	64337	7.04e-05	46.4
batch23_01112019_ENT1804_Ctg3_len_69945_depth_0.65x_circ_blaOXA-48	batch2_21032019_ENT1079_Ctg2_len_91643_depth_2.11x_circ_blaNDM-1	83.721	43	7	0	40407	40449	66394	66436	7.04e-05	46.4
batch23_01112019_ENT1804_Ctg3_len_69945_depth_0.65x_circ_blaOXA-48	batch2_21032019_ENT1079_Ctg2_len_91643_depth_2.11x_circ_blaNDM-1	100.000	24	0	0	44840	44863	60694	60717	2.46e-04	44.6
batch23_01112019_ENT1804_Ctg3_len_69945_depth_0.65x_circ_blaOXA-48	batch2_21032019_ENT1079_Ctg2_len_91643_depth_2.11x_circ_blaNDM-1	83.333	42	7	0	44821	44862	61978	62019	2.46e-04	44.6
batch23_01112019_ENT1804_Ctg3_len_69945_depth_0.65x_circ_blaOXA-48	batch2_21032019_ENT1079_Ctg2_len_91643_depth_2.11x_circ_blaNDM-1	88.889	36	3	1	41203	41237	64243	64278	2.46e-04	44.6
batch23_01112019_ENT1804_Ctg3_len_69945_depth_0.65x_circ_blaOXA-48	batch2_21032019_ENT1079_Ctg2_len_91643_depth_2.11x_circ_blaNDM-1	100.000	24	0	0	34863	34886	66412	66435	2.46e-04	44.6
batch23_01112019_ENT1804_Ctg3_len_69945_depth_0.65x_circ_blaOXA-48	batch2_21032019_ENT1079_Ctg2_len_91643_depth_2.11x_circ_blaNDM-1	86.842	38	4	1	1984	2021	27976	27940	8.58e-04	42.8
batch23_01112019_ENT1804_Ctg3_len_69945_depth_0.65x_circ_blaOXA-48	batch2_21032019_ENT1079_Ctg2_len_91643_depth_2.11x_circ_blaNDM-1	86.842	38	4	1	2173	2209	28165	28128	8.58e-04	42.8
batch23_01112019_ENT1804_Ctg3_len_69945_depth_0.65x_circ_blaOXA-48	batch2_21032019_ENT1079_Ctg2_len_91643_depth_2.11x_circ_blaNDM-1	88.571	35	3	1	43665	43698	60999	61033	8.58e-04	42.8
batch23_01112019_ENT1804_Ctg3_len_69945_depth_0.65x_circ_blaOXA-48	batch2_21032019_ENT1079_Ctg2_len_91643_depth_2.11x_circ_blaNDM-1	86.842	38	4	1	40408	40445	62772	62808	8.58e-04	42.8
batch23_01112019_ENT1804_Ctg3_len_69945_depth_0.65x_circ_blaOXA-48	batch2_21032019_ENT1079_Ctg2_len_91643_depth_2.11x_circ_blaNDM-1	100.000	23	0	0	41215	41237	63281	63303	8.58e-04	42.8
batch23_01112019_ENT1804_Ctg3_len_69945_depth_0.65x_circ_blaOXA-48	batch2_21032019_ENT1079_Ctg2_len_91643_depth_2.11x_circ_blaNDM-1	88.571	35	3	1	39428	39462	65235	65268	8.58e-04	42.8
batch23_01112019_ENT1804_Ctg3_len_69945_depth_0.65x_circ_blaOXA-48	batch2_21032019_ENT1079_Ctg2_len_91643_depth_2.11x_circ_blaNDM-1	96.000	25	1	0	44839	44863	57210	57234	0.003	41.0
batch23_01112019_ENT1804_Ctg3_len_69945_depth_0.65x_circ_blaOXA-48	batch2_21032019_ENT1079_Ctg2_len_91643_depth_2.11x_circ_blaNDM-1	92.593	27	2	0	41440	41466	57262	57288	0.003	41.0
batch23_01112019_ENT1804_Ctg3_len_69945_depth_0.65x_circ_blaOXA-48	batch2_21032019_ENT1079_Ctg2_len_91643_depth_2.11x_circ_blaNDM-1	88.889	36	2	2	38619	38653	60224	60190	0.003	41.0
batch23_01112019_ENT1804_Ctg3_len_69945_depth_0.65x_circ_blaOXA-48	batch2_21032019_ENT1079_Ctg2_len_91643_depth_2.11x_circ_blaNDM-1	92.593	27	2	0	39428	39454	60744	60770	0.003	41.0
batch23_01112019_ENT1804_Ctg3_len_69945_depth_0.65x_circ_blaOXA-48	batch2_21032019_ENT1079_Ctg2_len_91643_depth_2.11x_circ_blaNDM-1	80.851	47	8	1	41420	41466	60980	61025	0.003	41.0
batch23_01112019_ENT1804_Ctg3_len_69945_depth_0.65x_circ_blaOXA-48	batch2_21032019_ENT1079_Ctg2_len_91643_depth_2.11x_circ_blaNDM-1	92.593	27	2	0	42232	42258	60998	61024	0.003	41.0
batch23_01112019_ENT1804_Ctg3_len_69945_depth_0.65x_circ_blaOXA-48	batch2_21032019_ENT1079_Ctg2_len_91643_depth_2.11x_circ_blaNDM-1	92.593	27	2	0	39173	39199	60999	61025	0.003	41.0
batch23_01112019_ENT1804_Ctg3_len_69945_depth_0.65x_circ_blaOXA-48	batch2_21032019_ENT1079_Ctg2_len_91643_depth_2.11x_circ_blaNDM-1	92.593	27	2	0	40476	40502	60999	61025	0.003	41.0
batch23_01112019_ENT1804_Ctg3_len_69945_depth_0.65x_circ_blaOXA-48	batch2_21032019_ENT1079_Ctg2_len_91643_depth_2.11x_circ_blaNDM-1	92.593	27	2	0	39428	39454	62047	62073	0.003	41.0
batch23_01112019_ENT1804_Ctg3_len_69945_depth_0.65x_circ_blaOXA-48	batch2_21032019_ENT1079_Ctg2_len_91643_depth_2.11x_circ_blaNDM-1	92.593	27	2	0	34915	34941	63011	63037	0.003	41.0
batch23_01112019_ENT1804_Ctg3_len_69945_depth_0.65x_circ_blaOXA-48	batch2_21032019_ENT1079_Ctg2_len_91643_depth_2.11x_circ_blaNDM-1	92.593	27	2	0	43665	43691	63011	63037	0.003	41.0
batch23_01112019_ENT1804_Ctg3_len_69945_depth_0.65x_circ_blaOXA-48	batch2_21032019_ENT1079_Ctg2_len_91643_depth_2.11x_circ_blaNDM-1	92.593	27	2	0	39427	39453	63803	63829	0.003	41.0
batch23_01112019_ENT1804_Ctg3_len_69945_depth_0.65x_circ_blaOXA-48	batch2_21032019_ENT1079_Ctg2_len_91643_depth_2.11x_circ_blaNDM-1	92.593	27	2	0	41440	41466	65235	65261	0.003	41.0
batch23_01112019_ENT1804_Ctg3_len_69945_depth_0.65x_circ_blaOXA-48	batch2_21032019_ENT1079_Ctg2_len_91643_depth_2.11x_circ_blaNDM-1	96.000	25	1	0	43613	43637	66411	66435	0.003	41.0
batch23_01112019_ENT1804_Ctg3_len_69945_depth_0.65x_circ_blaOXA-48	batch2_21032019_ENT1079_Ctg2_len_91643_depth_2.11x_circ_blaNDM-1	96.000	25	1	0	39122	39146	66412	66436	0.003	41.0
batch23_01112019_ENT1804_Ctg3_len_69945_depth_0.65x_circ_blaOXA-48	batch2_21032019_ENT1079_Ctg2_len_91643_depth_2.11x_circ_blaNDM-1	96.000	25	1	0	41712	41736	66412	66436	0.003	41.0
batch23_01112019_ENT1804_Ctg3_len_69945_depth_0.65x_circ_blaOXA-48	batch2_21032019_ENT1079_Ctg2_len_91643_depth_2.11x_circ_blaNDM-1	75.926	54	13	0	23364	23417	14117	14170	0.010	39.2
batch23_01112019_ENT1804_Ctg3_len_69945_depth_0.65x_circ_blaOXA-48	batch2_21032019_ENT1079_Ctg2_len_91643_depth_2.11x_circ_blaNDM-1	95.833	24	1	0	41214	41237	57207	57230	0.010	39.2
batch23_01112019_ENT1804_Ctg3_len_69945_depth_0.65x_circ_blaOXA-48	batch2_21032019_ENT1079_Ctg2_len_91643_depth_2.11x_circ_blaNDM-1	89.655	29	3	0	39427	39455	57261	57289	0.010	39.2
batch23_01112019_ENT1804_Ctg3_len_69945_depth_0.65x_circ_blaOXA-48	batch2_21032019_ENT1079_Ctg2_len_91643_depth_2.11x_circ_blaNDM-1	89.655	29	3	0	34914	34942	60998	61026	0.010	39.2
batch23_01112019_ENT1804_Ctg3_len_69945_depth_0.65x_circ_blaOXA-48	batch2_21032019_ENT1079_Ctg2_len_91643_depth_2.11x_circ_blaNDM-1	95.833	24	1	0	34860	34883	62785	62808	0.010	39.2
batch23_01112019_ENT1804_Ctg3_len_69945_depth_0.65x_circ_blaOXA-48	batch2_21032019_ENT1079_Ctg2_len_91643_depth_2.11x_circ_blaNDM-1	84.848	33	5	0	8910	8942	38646	38678	0.036	37.4
batch23_01112019_ENT1804_Ctg3_len_69945_depth_0.65x_circ_blaOXA-48	batch2_21032019_ENT1079_Ctg2_len_91643_depth_2.11x_circ_blaNDM-1	84.848	33	5	0	13884	13916	38678	38646	0.036	37.4
batch23_01112019_ENT1804_Ctg3_len_69945_depth_0.65x_circ_blaOXA-48	batch2_21032019_ENT1079_Ctg2_len_91643_depth_2.11x_circ_blaNDM-1	86.667	30	4	0	39425	39454	55724	55753	0.036	37.4
batch23_01112019_ENT1804_Ctg3_len_69945_depth_0.65x_circ_blaOXA-48	batch2_21032019_ENT1079_Ctg2_len_91643_depth_2.11x_circ_blaNDM-1	95.652	23	1	0	41215	41237	60691	60713	0.036	37.4
batch23_01112019_ENT1804_Ctg3_len_69945_depth_0.65x_circ_blaOXA-48	batch2_21032019_ENT1079_Ctg2_len_91643_depth_2.11x_circ_blaNDM-1	86.667	30	4	0	33377	33406	60996	61025	0.036	37.4
batch23_01112019_ENT1804_Ctg3_len_69945_depth_0.65x_circ_blaOXA-48	batch2_21032019_ENT1079_Ctg2_len_91643_depth_2.11x_circ_blaNDM-1	95.652	23	1	0	41710	41732	62786	62808	0.036	37.4
batch23_01112019_ENT1804_Ctg3_len_69945_depth_0.65x_circ_blaOXA-48	batch2_21032019_ENT1079_Ctg2_len_91643_depth_2.11x_circ_blaNDM-1	95.652	23	1	0	39121	39143	62787	62809	0.036	37.4
batch23_01112019_ENT1804_Ctg3_len_69945_depth_0.65x_circ_blaOXA-48	batch2_21032019_ENT1079_Ctg2_len_91643_depth_2.11x_circ_blaNDM-1	78.723	47	9	1	39409	39454	62991	63037	0.036	37.4
batch23_01112019_ENT1804_Ctg3_len_69945_depth_0.65x_circ_blaOXA-48	batch2_21032019_ENT1079_Ctg2_len_91643_depth_2.11x_circ_blaNDM-1	95.652	23	1	0	44840	44862	65185	65207	0.036	37.4
batch23_01112019_ENT1804_Ctg3_len_69945_depth_0.65x_circ_blaOXA-48	batch2_21032019_ENT1079_Ctg2_len_91643_depth_2.11x_circ_blaNDM-1	100.000	20	0	0	41218	41237	65185	65204	0.036	37.4
batch23_01112019_ENT1804_Ctg3_len_69945_depth_0.65x_circ_blaOXA-48	batch2_21032019_ENT1079_Ctg2_len_91643_depth_2.11x_circ_blaNDM-1	100.000	20	0	0	39058	39077	67316	67297	0.036	37.4
batch23_01112019_ENT1804_Ctg3_len_69945_depth_0.65x_circ_blaOXA-48	batch2_21032019_ENT1079_Ctg2_len_91643_depth_2.11x_circ_blaNDM-1	88.889	27	3	0	41762	41788	60999	61025	0.13	35.6
batch23_01112019_ENT1804_Ctg3_len_69945_depth_0.65x_circ_blaOXA-48	batch2_21032019_ENT1079_Ctg2_len_91643_depth_2.11x_circ_blaNDM-1	88.889	27	3	0	39428	39454	63333	63359	0.13	35.6
batch23_01112019_ENT1804_Ctg3_len_69945_depth_0.65x_circ_blaOXA-48	batch2_21032019_ENT1079_Ctg2_len_91643_depth_2.11x_circ_blaNDM-1	79.487	39	8	0	33327	33365	64240	64278	0.13	35.6
batch23_01112019_ENT1804_Ctg3_len_69945_depth_0.65x_circ_blaOXA-48	batch2_21032019_ENT1079_Ctg2_len_91643_depth_2.11x_circ_blaNDM-1	100.000	19	0	0	28202	28220	65146	65128	0.13	35.6
batch23_01112019_ENT1804_Ctg3_len_69945_depth_0.65x_circ_blaOXA-48	batch2_21032019_ENT1079_Ctg2_len_91643_depth_2.11x_circ_blaNDM-1	100.000	19	0	0	45900	45918	67490	67472	0.13	35.6
batch23_01112019_ENT1804_Ctg3_len_69945_depth_0.65x_circ_blaOXA-48	batch2_21032019_ENT1079_Ctg2_len_91643_depth_2.11x_circ_blaNDM-1	91.304	23	2	0	34073	34095	6058	6080	0.44	33.7
batch23_01112019_ENT1804_Ctg3_len_69945_depth_0.65x_circ_blaOXA-48	batch2_21032019_ENT1079_Ctg2_len_91643_depth_2.11x_circ_blaNDM-1	95.238	21	1	0	14915	14935	21101	21121	0.44	33.7
batch23_01112019_ENT1804_Ctg3_len_69945_depth_0.65x_circ_blaOXA-48	batch2_21032019_ENT1079_Ctg2_len_91643_depth_2.11x_circ_blaNDM-1	88.462	26	3	0	21664	21689	23655	23630	0.44	33.7
batch23_01112019_ENT1804_Ctg3_len_69945_depth_0.65x_circ_blaOXA-48	batch2_21032019_ENT1079_Ctg2_len_91643_depth_2.11x_circ_blaNDM-1	100.000	18	0	0	41187	41204	38739	38722	0.44	33.7
batch23_01112019_ENT1804_Ctg3_len_69945_depth_0.65x_circ_blaOXA-48	batch2_21032019_ENT1079_Ctg2_len_91643_depth_2.11x_circ_blaNDM-1	88.462	26	3	0	11085	11110	39458	39483	0.44	33.7
batch23_01112019_ENT1804_Ctg3_len_69945_depth_0.65x_circ_blaOXA-48	batch2_21032019_ENT1079_Ctg2_len_91643_depth_2.11x_circ_blaNDM-1	100.000	18	0	0	32801	32818	55165	55148	0.44	33.7
batch23_01112019_ENT1804_Ctg3_len_69945_depth_0.65x_circ_blaOXA-48	batch2_21032019_ENT1079_Ctg2_len_91643_depth_2.11x_circ_blaNDM-1	83.871	31	5	0	39112	39142	55682	55712	0.44	33.7
batch23_01112019_ENT1804_Ctg3_len_69945_depth_0.65x_circ_blaOXA-48	batch2_21032019_ENT1079_Ctg2_len_91643_depth_2.11x_circ_blaNDM-1	95.238	21	1	0	43614	43634	62788	62808	0.44	33.7
batch23_01112019_ENT1804_Ctg3_len_69945_depth_0.65x_circ_blaOXA-48	batch2_21032019_ENT1079_Ctg2_len_91643_depth_2.11x_circ_blaNDM-1	85.294	34	2	2	20548	20579	74583	74551	0.44	33.7
batch23_01112019_ENT1804_Ctg3_len_69945_depth_0.65x_circ_blaOXA-48	batch2_21032019_ENT1079_Ctg2_len_91643_depth_2.11x_circ_blaNDM-1	85.294	34	2	2	20548	20579	74718	74686	0.44	33.7
batch23_01112019_ENT1804_Ctg3_len_69945_depth_0.65x_circ_blaOXA-48	batch2_21032019_ENT1079_Ctg2_len_91643_depth_2.11x_circ_blaNDM-1	78.049	41	7	1	53125	53163	376	336	1.6	31.9
batch23_01112019_ENT1804_Ctg3_len_69945_depth_0.65x_circ_blaOXA-48	batch2_21032019_ENT1079_Ctg2_len_91643_depth_2.11x_circ_blaNDM-1	78.049	41	7	1	53035	53073	376	336	1.6	31.9
batch23_01112019_ENT1804_Ctg3_len_69945_depth_0.65x_circ_blaOXA-48	batch2_21032019_ENT1079_Ctg2_len_91643_depth_2.11x_circ_blaNDM-1	90.909	22	2	0	62824	62845	5627	5606	1.6	31.9
batch23_01112019_ENT1804_Ctg3_len_69945_depth_0.65x_circ_blaOXA-48	batch2_21032019_ENT1079_Ctg2_len_91643_depth_2.11x_circ_blaNDM-1	90.909	22	2	0	43799	43820	22221	22242	1.6	31.9
batch23_01112019_ENT1804_Ctg3_len_69945_depth_0.65x_circ_blaOXA-48	batch2_21032019_ENT1079_Ctg2_len_91643_depth_2.11x_circ_blaNDM-1	95.000	20	1	0	42616	42635	23090	23071	1.6	31.9
batch23_01112019_ENT1804_Ctg3_len_69945_depth_0.65x_circ_blaOXA-48	batch2_21032019_ENT1079_Ctg2_len_91643_depth_2.11x_circ_blaNDM-1	95.000	20	1	0	41936	41955	28208	28227	1.6	31.9
batch23_01112019_ENT1804_Ctg3_len_69945_depth_0.65x_circ_blaOXA-48	batch2_21032019_ENT1079_Ctg2_len_91643_depth_2.11x_circ_blaNDM-1	100.000	17	0	0	17808	17824	42213	42197	1.6	31.9
batch23_01112019_ENT1804_Ctg3_len_69945_depth_0.65x_circ_blaOXA-48	batch2_21032019_ENT1079_Ctg2_len_91643_depth_2.11x_circ_blaNDM-1	100.000	17	0	0	43559	43575	50565	50549	1.6	31.9
batch23_01112019_ENT1804_Ctg3_len_69945_depth_0.65x_circ_blaOXA-48	batch2_21032019_ENT1079_Ctg2_len_91643_depth_2.11x_circ_blaNDM-1	100.000	17	0	0	45516	45532	53636	53652	1.6	31.9
batch23_01112019_ENT1804_Ctg3_len_69945_depth_0.65x_circ_blaOXA-48	batch2_21032019_ENT1079_Ctg2_len_91643_depth_2.11x_circ_blaNDM-1	100.000	17	0	0	51996	52012	57449	57465	1.6	31.9
batch23_01112019_ENT1804_Ctg3_len_69945_depth_0.65x_circ_blaOXA-48	batch2_21032019_ENT1079_Ctg2_len_91643_depth_2.11x_circ_blaNDM-1	95.000	20	1	0	6498	6517	64187	64206	1.6	31.9
batch23_01112019_ENT1804_Ctg3_len_69945_depth_0.65x_circ_blaOXA-48	batch2_21032019_ENT1079_Ctg2_len_91643_depth_2.11x_circ_blaNDM-1	90.909	22	2	0	7346	7367	65390	65369	1.6	31.9
batch23_01112019_ENT1804_Ctg3_len_69945_depth_0.65x_circ_blaOXA-48	batch2_21032019_ENT1079_Ctg2_len_91643_depth_2.11x_circ_blaNDM-1	91.667	24	0	1	31282	31305	67084	67105	1.6	31.9
batch23_01112019_ENT1804_Ctg3_len_69945_depth_0.65x_circ_blaOXA-48	batch2_21032019_ENT1079_Ctg2_len_91643_depth_2.11x_circ_blaNDM-1	100.000	17	0	0	35102	35118	73568	73584	1.6	31.9
batch23_01112019_ENT1804_Ctg3_len_69945_depth_0.65x_circ_blaOXA-48	batch2_21032019_ENT1079_Ctg2_len_91643_depth_2.11x_circ_blaNDM-1	100.000	16	0	0	53059	53074	104	119	5.4	30.1
batch23_01112019_ENT1804_Ctg3_len_69945_depth_0.65x_circ_blaOXA-48	batch2_21032019_ENT1079_Ctg2_len_91643_depth_2.11x_circ_blaNDM-1	100.000	16	0	0	53104	53119	104	119	5.4	30.1
batch23_01112019_ENT1804_Ctg3_len_69945_depth_0.65x_circ_blaOXA-48	batch2_21032019_ENT1079_Ctg2_len_91643_depth_2.11x_circ_blaNDM-1	100.000	16	0	0	53149	53164	104	119	5.4	30.1
batch23_01112019_ENT1804_Ctg3_len_69945_depth_0.65x_circ_blaOXA-48	batch2_21032019_ENT1079_Ctg2_len_91643_depth_2.11x_circ_blaNDM-1	100.000	16	0	0	53194	53209	104	119	5.4	30.1
batch23_01112019_ENT1804_Ctg3_len_69945_depth_0.65x_circ_blaOXA-48	batch2_21032019_ENT1079_Ctg2_len_91643_depth_2.11x_circ_blaNDM-1	77.500	40	7	1	52990	53027	376	337	5.4	30.1
batch23_01112019_ENT1804_Ctg3_len_69945_depth_0.65x_circ_blaOXA-48	batch2_21032019_ENT1079_Ctg2_len_91643_depth_2.11x_circ_blaNDM-1	90.476	21	2	0	7723	7743	3578	3598	5.4	30.1
batch23_01112019_ENT1804_Ctg3_len_69945_depth_0.65x_circ_blaOXA-48	batch2_21032019_ENT1079_Ctg2_len_91643_depth_2.11x_circ_blaNDM-1	90.476	21	2	0	7723	7743	5190	5170	5.4	30.1
batch23_01112019_ENT1804_Ctg3_len_69945_depth_0.65x_circ_blaOXA-48	batch2_21032019_ENT1079_Ctg2_len_91643_depth_2.11x_circ_blaNDM-1	90.476	21	2	0	21945	21965	13058	13038	5.4	30.1
batch23_01112019_ENT1804_Ctg3_len_69945_depth_0.65x_circ_blaOXA-48	batch2_21032019_ENT1079_Ctg2_len_91643_depth_2.11x_circ_blaNDM-1	90.476	21	2	0	43889	43909	13936	13956	5.4	30.1
batch23_01112019_ENT1804_Ctg3_len_69945_depth_0.65x_circ_blaOXA-48	batch2_21032019_ENT1079_Ctg2_len_91643_depth_2.11x_circ_blaNDM-1	100.000	16	0	0	58274	58289	17075	17090	5.4	30.1
batch23_01112019_ENT1804_Ctg3_len_69945_depth_0.65x_circ_blaOXA-48	batch2_21032019_ENT1079_Ctg2_len_91643_depth_2.11x_circ_blaNDM-1	90.476	21	2	0	1766	1786	21859	21839	5.4	30.1
batch23_01112019_ENT1804_Ctg3_len_69945_depth_0.65x_circ_blaOXA-48	batch2_21032019_ENT1079_Ctg2_len_91643_depth_2.11x_circ_blaNDM-1	100.000	16	0	0	15587	15602	29410	29395	5.4	30.1
batch23_01112019_ENT1804_Ctg3_len_69945_depth_0.65x_circ_blaOXA-48	batch2_21032019_ENT1079_Ctg2_len_91643_depth_2.11x_circ_blaNDM-1	90.476	21	2	0	42615	42635	51023	51043	5.4	30.1
batch23_01112019_ENT1804_Ctg3_len_69945_depth_0.65x_circ_blaOXA-48	batch2_21032019_ENT1079_Ctg2_len_91643_depth_2.11x_circ_blaNDM-1	90.476	21	2	0	47773	47793	51024	51044	5.4	30.1
batch23_01112019_ENT1804_Ctg3_len_69945_depth_0.65x_circ_blaOXA-48	batch2_21032019_ENT1079_Ctg2_len_91643_depth_2.11x_circ_blaNDM-1	87.500	24	3	0	41214	41237	55689	55712	5.4	30.1
batch23_01112019_ENT1804_Ctg3_len_69945_depth_0.65x_circ_blaOXA-48	batch2_21032019_ENT1079_Ctg2_len_91643_depth_2.11x_circ_blaNDM-1	90.476	21	2	0	42616	42636	57149	57169	5.4	30.1
batch23_01112019_ENT1804_Ctg3_len_69945_depth_0.65x_circ_blaOXA-48	batch2_21032019_ENT1079_Ctg2_len_91643_depth_2.11x_circ_blaNDM-1	90.476	21	2	0	45723	45743	57170	57150	5.4	30.1
batch23_01112019_ENT1804_Ctg3_len_69945_depth_0.65x_circ_blaOXA-48	batch2_21032019_ENT1079_Ctg2_len_91643_depth_2.11x_circ_blaNDM-1	94.737	19	1	0	23506	23524	60177	60195	5.4	30.1
batch23_01112019_ENT1804_Ctg3_len_69945_depth_0.65x_circ_blaOXA-48	batch2_21032019_ENT1079_Ctg2_len_91643_depth_2.11x_circ_blaNDM-1	94.737	19	1	0	52764	52782	60398	60380	5.4	30.1
batch23_01112019_ENT1804_Ctg3_len_69945_depth_0.65x_circ_blaOXA-48	batch2_21032019_ENT1079_Ctg2_len_91643_depth_2.11x_circ_blaNDM-1	90.476	21	2	0	28676	28696	64186	64206	5.4	30.1
batch23_01112019_ENT1804_Ctg3_len_69945_depth_0.65x_circ_blaOXA-48	batch2_21032019_ENT1079_Ctg2_len_91643_depth_2.11x_circ_blaNDM-1	90.476	21	2	0	34802	34822	64187	64207	5.4	30.1
batch23_01112019_ENT1804_Ctg3_len_69945_depth_0.65x_circ_blaOXA-48	batch2_21032019_ENT1079_Ctg2_len_91643_depth_2.11x_circ_blaNDM-1	90.476	21	2	0	23578	23598	65479	65459	5.4	30.1
batch23_01112019_ENT1804_Ctg3_len_69945_depth_0.65x_circ_blaOXA-48	batch2_21032019_ENT1079_Ctg2_len_91643_depth_2.11x_circ_blaNDM-1	90.476	21	2	0	34803	34823	67316	67296	5.4	30.1
batch23_01112019_ENT1804_Ctg3_len_69945_depth_0.65x_circ_blaOXA-48	batch2_21032019_ENT1079_Ctg2_len_91643_depth_2.11x_circ_blaNDM-1	90.476	21	2	0	28677	28697	69345	69365	5.4	30.1
batch23_01112019_ENT1804_Ctg3_len_69945_depth_0.65x_circ_blaOXA-48	batch2_21032019_ENT1079_Ctg2_len_91643_depth_2.11x_circ_blaNDM-1	94.737	19	1	0	38809	38827	74354	74336	5.4	30.1
batch23_01112019_ENT1804_Ctg3_len_69945_depth_0.65x_circ_blaOXA-48	batch2_21032019_ENT1079_Ctg2_len_91643_depth_2.11x_circ_blaNDM-1	100.000	16	0	0	104	119	74541	74556	5.4	30.1
batch23_01112019_ENT1804_Ctg3_len_69945_depth_0.65x_circ_blaOXA-48	batch2_21032019_ENT1079_Ctg2_len_91643_depth_2.11x_circ_blaNDM-1	100.000	16	0	0	104	119	74676	74691	5.4	30.1
batch23_01112019_ENT1804_Ctg3_len_69945_depth_0.65x_circ_blaOXA-48	batch2_21032019_ENT1079_Ctg2_len_91643_depth_2.11x_circ_blaNDM-1	100.000	16	0	0	104	119	74721	74736	5.4	30.1
batch23_01112019_ENT1804_Ctg3_len_69945_depth_0.65x_circ_blaOXA-48	batch2_21032019_ENT1079_Ctg2_len_91643_depth_2.11x_circ_blaNDM-1	100.000	16	0	0	104	119	74766	74781	5.4	30.1
batch23_01112019_ENT1804_Ctg3_len_69945_depth_0.65x_circ_blaOXA-48	batch2_21032019_ENT1079_Ctg2_len_91643_depth_2.11x_circ_blaNDM-1	100.000	16	0	0	104	119	74811	74826	5.4	30.1
batch23_01112019_ENT1804_Ctg3_len_69945_depth_0.65x_circ_blaOXA-48	batch2_21032019_ENT1079_Ctg2_len_91643_depth_2.11x_circ_blaNDM-1	100.000	16	0	0	18698	18713	79951	79936	5.4	30.1
batch23_01112019_ENT1804_Ctg3_len_69945_depth_0.65x_circ_blaOXA-48	batch2_21032019_ENT1079_Ctg2_len_91643_depth_2.11x_circ_blaNDM-1	100.000	16	0	0	13727	13742	90458	90473	5.4	30.1
batch23_01112019_ENT1804_Ctg3_len_69945_depth_0.65x_circ_blaOXA-48	batch2_21032019_ENT1079_Ctg2_len_91643_depth_2.11x_circ_blaNDM-1	100.000	16	0	0	9084	9099	90473	90458	5.4	30.1
