batch2_21032019_ENT1079_Ctg2_len_91643_depth_2.11x_circ_blaNDM-1	batch2_21032019_ENT1079_Ctg2_len_91643_depth_2.11x_circ_blaNDM-1	100.000	91643	0	0	1	91643	1	91643	0.0	1.653e+05
batch2_21032019_ENT1079_Ctg2_len_91643_depth_2.11x_circ_blaNDM-1	batch2_21032019_ENT1079_Ctg2_len_91643_depth_2.11x_circ_blaNDM-1	100.000	822	0	0	49226	50047	9741	8920	0.0	1483
batch2_21032019_ENT1079_Ctg2_len_91643_depth_2.11x_circ_blaNDM-1	batch2_21032019_ENT1079_Ctg2_len_91643_depth_2.11x_circ_blaNDM-1	100.000	822	0	0	8920	9741	50047	49226	0.0	1483
batch2_21032019_ENT1079_Ctg2_len_91643_depth_2.11x_circ_blaNDM-1	batch2_21032019_ENT1079_Ctg2_len_91643_depth_2.11x_circ_blaNDM-1	99.757	824	2	0	49224	50047	30332	31155	0.0	1478
batch2_21032019_ENT1079_Ctg2_len_91643_depth_2.11x_circ_blaNDM-1	batch2_21032019_ENT1079_Ctg2_len_91643_depth_2.11x_circ_blaNDM-1	99.757	824	2	0	30332	31155	49224	50047	0.0	1478
batch2_21032019_ENT1079_Ctg2_len_91643_depth_2.11x_circ_blaNDM-1	batch2_21032019_ENT1079_Ctg2_len_91643_depth_2.11x_circ_blaNDM-1	99.637	826	3	0	30334	31159	9741	8916	0.0	1476
batch2_21032019_ENT1079_Ctg2_len_91643_depth_2.11x_circ_blaNDM-1	batch2_21032019_ENT1079_Ctg2_len_91643_depth_2.11x_circ_blaNDM-1	99.637	826	3	0	8916	9741	31159	30334	0.0	1476
batch2_21032019_ENT1079_Ctg2_len_91643_depth_2.11x_circ_blaNDM-1	batch2_21032019_ENT1079_Ctg2_len_91643_depth_2.11x_circ_blaNDM-1	91.268	481	42	0	74501	74981	74411	74891	0.0	679
batch2_21032019_ENT1079_Ctg2_len_91643_depth_2.11x_circ_blaNDM-1	batch2_21032019_ENT1079_Ctg2_len_91643_depth_2.11x_circ_blaNDM-1	91.268	481	42	0	74411	74891	74501	74981	0.0	679
batch2_21032019_ENT1079_Ctg2_len_91643_depth_2.11x_circ_blaNDM-1	batch2_21032019_ENT1079_Ctg2_len_91643_depth_2.11x_circ_blaNDM-1	94.398	357	20	0	74612	74968	74432	74788	7.52e-158	554
batch2_21032019_ENT1079_Ctg2_len_91643_depth_2.11x_circ_blaNDM-1	batch2_21032019_ENT1079_Ctg2_len_91643_depth_2.11x_circ_blaNDM-1	94.398	357	20	0	74432	74788	74612	74968	7.52e-158	554
batch2_21032019_ENT1079_Ctg2_len_91643_depth_2.11x_circ_blaNDM-1	batch2_21032019_ENT1079_Ctg2_len_91643_depth_2.11x_circ_blaNDM-1	91.329	346	30	0	74636	74981	74411	74756	2.63e-138	489
batch2_21032019_ENT1079_Ctg2_len_91643_depth_2.11x_circ_blaNDM-1	batch2_21032019_ENT1079_Ctg2_len_91643_depth_2.11x_circ_blaNDM-1	91.329	346	30	0	74411	74756	74636	74981	2.63e-138	489
batch2_21032019_ENT1079_Ctg2_len_91643_depth_2.11x_circ_blaNDM-1	batch2_21032019_ENT1079_Ctg2_len_91643_depth_2.11x_circ_blaNDM-1	88.281	256	30	0	74726	74981	74411	74666	1.90e-89	327
batch2_21032019_ENT1079_Ctg2_len_91643_depth_2.11x_circ_blaNDM-1	batch2_21032019_ENT1079_Ctg2_len_91643_depth_2.11x_circ_blaNDM-1	88.281	256	30	0	74411	74666	74726	74981	1.90e-89	327
batch2_21032019_ENT1079_Ctg2_len_91643_depth_2.11x_circ_blaNDM-1	batch2_21032019_ENT1079_Ctg2_len_91643_depth_2.11x_circ_blaNDM-1	100.000	135	0	0	8787	8921	1913	2047	1.78e-64	244
batch2_21032019_ENT1079_Ctg2_len_91643_depth_2.11x_circ_blaNDM-1	batch2_21032019_ENT1079_Ctg2_len_91643_depth_2.11x_circ_blaNDM-1	100.000	135	0	0	1913	2047	8787	8921	1.78e-64	244
batch2_21032019_ENT1079_Ctg2_len_91643_depth_2.11x_circ_blaNDM-1	batch2_21032019_ENT1079_Ctg2_len_91643_depth_2.11x_circ_blaNDM-1	90.850	153	14	0	74816	74968	74411	74563	3.01e-55	214
batch2_21032019_ENT1079_Ctg2_len_91643_depth_2.11x_circ_blaNDM-1	batch2_21032019_ENT1079_Ctg2_len_91643_depth_2.11x_circ_blaNDM-1	90.850	153	14	0	74411	74563	74816	74968	3.01e-55	214
batch2_21032019_ENT1079_Ctg2_len_91643_depth_2.11x_circ_blaNDM-1	batch2_21032019_ENT1079_Ctg2_len_91643_depth_2.11x_circ_blaNDM-1	94.737	95	5	0	61985	62079	60682	60776	1.05e-35	149
batch2_21032019_ENT1079_Ctg2_len_91643_depth_2.11x_circ_blaNDM-1	batch2_21032019_ENT1079_Ctg2_len_91643_depth_2.11x_circ_blaNDM-1	94.737	95	5	0	60682	60776	61985	62079	1.05e-35	149
batch2_21032019_ENT1079_Ctg2_len_91643_depth_2.11x_circ_blaNDM-1	batch2_21032019_ENT1079_Ctg2_len_91643_depth_2.11x_circ_blaNDM-1	95.506	89	4	0	64248	64336	57200	57288	4.47e-34	143
batch2_21032019_ENT1079_Ctg2_len_91643_depth_2.11x_circ_blaNDM-1	batch2_21032019_ENT1079_Ctg2_len_91643_depth_2.11x_circ_blaNDM-1	95.506	89	4	0	57200	57288	64248	64336	4.47e-34	143
batch2_21032019_ENT1079_Ctg2_len_91643_depth_2.11x_circ_blaNDM-1	batch2_21032019_ENT1079_Ctg2_len_91643_depth_2.11x_circ_blaNDM-1	95.556	90	2	2	64247	64336	63272	63359	1.90e-32	138
batch2_21032019_ENT1079_Ctg2_len_91643_depth_2.11x_circ_blaNDM-1	batch2_21032019_ENT1079_Ctg2_len_91643_depth_2.11x_circ_blaNDM-1	95.556	90	2	2	63272	63359	64247	64336	1.90e-32	138
batch2_21032019_ENT1079_Ctg2_len_91643_depth_2.11x_circ_blaNDM-1	batch2_21032019_ENT1079_Ctg2_len_91643_depth_2.11x_circ_blaNDM-1	85.124	121	18	0	74861	74981	74411	74531	1.90e-32	138
batch2_21032019_ENT1079_Ctg2_len_91643_depth_2.11x_circ_blaNDM-1	batch2_21032019_ENT1079_Ctg2_len_91643_depth_2.11x_circ_blaNDM-1	85.124	121	18	0	74411	74531	74861	74981	1.90e-32	138
batch2_21032019_ENT1079_Ctg2_len_91643_depth_2.11x_circ_blaNDM-1	batch2_21032019_ENT1079_Ctg2_len_91643_depth_2.11x_circ_blaNDM-1	87.736	106	12	1	64245	64350	61983	62087	9.84e-30	129
batch2_21032019_ENT1079_Ctg2_len_91643_depth_2.11x_circ_blaNDM-1	batch2_21032019_ENT1079_Ctg2_len_91643_depth_2.11x_circ_blaNDM-1	87.736	106	12	1	61983	62087	64245	64350	9.84e-30	129
batch2_21032019_ENT1079_Ctg2_len_91643_depth_2.11x_circ_blaNDM-1	batch2_21032019_ENT1079_Ctg2_len_91643_depth_2.11x_circ_blaNDM-1	90.722	97	7	2	63265	63359	57192	57288	3.44e-29	127
batch2_21032019_ENT1079_Ctg2_len_91643_depth_2.11x_circ_blaNDM-1	batch2_21032019_ENT1079_Ctg2_len_91643_depth_2.11x_circ_blaNDM-1	90.722	97	7	2	57192	57288	63265	63359	3.44e-29	127
batch2_21032019_ENT1079_Ctg2_len_91643_depth_2.11x_circ_blaNDM-1	batch2_21032019_ENT1079_Ctg2_len_91643_depth_2.11x_circ_blaNDM-1	79.866	149	25	3	60626	60773	57147	57291	1.20e-28	125
batch2_21032019_ENT1079_Ctg2_len_91643_depth_2.11x_circ_blaNDM-1	batch2_21032019_ENT1079_Ctg2_len_91643_depth_2.11x_circ_blaNDM-1	79.866	149	25	3	57147	57291	60626	60773	1.20e-28	125
batch2_21032019_ENT1079_Ctg2_len_91643_depth_2.11x_circ_blaNDM-1	batch2_21032019_ENT1079_Ctg2_len_91643_depth_2.11x_circ_blaNDM-1	91.209	91	7	1	64247	64337	60682	60771	1.20e-28	125
batch2_21032019_ENT1079_Ctg2_len_91643_depth_2.11x_circ_blaNDM-1	batch2_21032019_ENT1079_Ctg2_len_91643_depth_2.11x_circ_blaNDM-1	91.209	91	7	1	60682	60771	64247	64337	1.20e-28	125
batch2_21032019_ENT1079_Ctg2_len_91643_depth_2.11x_circ_blaNDM-1	batch2_21032019_ENT1079_Ctg2_len_91643_depth_2.11x_circ_blaNDM-1	91.111	90	7	1	63271	63359	60681	60770	4.19e-28	123
batch2_21032019_ENT1079_Ctg2_len_91643_depth_2.11x_circ_blaNDM-1	batch2_21032019_ENT1079_Ctg2_len_91643_depth_2.11x_circ_blaNDM-1	91.111	90	7	1	60681	60770	63271	63359	4.19e-28	123
batch2_21032019_ENT1079_Ctg2_len_91643_depth_2.11x_circ_blaNDM-1	batch2_21032019_ENT1079_Ctg2_len_91643_depth_2.11x_circ_blaNDM-1	90.217	92	8	1	63269	63359	61982	62073	1.46e-27	122
batch2_21032019_ENT1079_Ctg2_len_91643_depth_2.11x_circ_blaNDM-1	batch2_21032019_ENT1079_Ctg2_len_91643_depth_2.11x_circ_blaNDM-1	90.217	92	8	1	61982	62073	63269	63359	1.46e-27	122
batch2_21032019_ENT1079_Ctg2_len_91643_depth_2.11x_circ_blaNDM-1	batch2_21032019_ENT1079_Ctg2_len_91643_depth_2.11x_circ_blaNDM-1	89.888	89	8	1	61986	62073	57200	57288	6.21e-26	116
batch2_21032019_ENT1079_Ctg2_len_91643_depth_2.11x_circ_blaNDM-1	batch2_21032019_ENT1079_Ctg2_len_91643_depth_2.11x_circ_blaNDM-1	89.888	89	8	1	57200	57288	61986	62073	6.21e-26	116
batch2_21032019_ENT1079_Ctg2_len_91643_depth_2.11x_circ_blaNDM-1	batch2_21032019_ENT1079_Ctg2_len_91643_depth_2.11x_circ_blaNDM-1	89.773	88	6	3	65176	65261	61987	62073	3.22e-23	107
batch2_21032019_ENT1079_Ctg2_len_91643_depth_2.11x_circ_blaNDM-1	batch2_21032019_ENT1079_Ctg2_len_91643_depth_2.11x_circ_blaNDM-1	89.773	88	6	3	61987	62073	65176	65261	3.22e-23	107
batch2_21032019_ENT1079_Ctg2_len_91643_depth_2.11x_circ_blaNDM-1	batch2_21032019_ENT1079_Ctg2_len_91643_depth_2.11x_circ_blaNDM-1	87.356	87	7	2	65176	65262	63278	63360	1.37e-21	102
batch2_21032019_ENT1079_Ctg2_len_91643_depth_2.11x_circ_blaNDM-1	batch2_21032019_ENT1079_Ctg2_len_91643_depth_2.11x_circ_blaNDM-1	89.744	78	7	1	65185	65261	64259	64336	1.37e-21	102
batch2_21032019_ENT1079_Ctg2_len_91643_depth_2.11x_circ_blaNDM-1	batch2_21032019_ENT1079_Ctg2_len_91643_depth_2.11x_circ_blaNDM-1	87.356	87	7	2	63278	63360	65176	65262	1.37e-21	102
batch2_21032019_ENT1079_Ctg2_len_91643_depth_2.11x_circ_blaNDM-1	batch2_21032019_ENT1079_Ctg2_len_91643_depth_2.11x_circ_blaNDM-1	89.744	78	7	1	64259	64336	65185	65261	1.37e-21	102
batch2_21032019_ENT1079_Ctg2_len_91643_depth_2.11x_circ_blaNDM-1	batch2_21032019_ENT1079_Ctg2_len_91643_depth_2.11x_circ_blaNDM-1	89.873	79	6	2	65184	65261	60693	60770	4.78e-21	100
batch2_21032019_ENT1079_Ctg2_len_91643_depth_2.11x_circ_blaNDM-1	batch2_21032019_ENT1079_Ctg2_len_91643_depth_2.11x_circ_blaNDM-1	89.873	79	6	2	60693	60770	65184	65261	4.78e-21	100
batch2_21032019_ENT1079_Ctg2_len_91643_depth_2.11x_circ_blaNDM-1	batch2_21032019_ENT1079_Ctg2_len_91643_depth_2.11x_circ_blaNDM-1	87.179	78	9	1	65185	65261	57211	57288	7.09e-19	93.3
batch2_21032019_ENT1079_Ctg2_len_91643_depth_2.11x_circ_blaNDM-1	batch2_21032019_ENT1079_Ctg2_len_91643_depth_2.11x_circ_blaNDM-1	87.179	78	9	1	57211	57288	65185	65261	7.09e-19	93.3
batch2_21032019_ENT1079_Ctg2_len_91643_depth_2.11x_circ_blaNDM-1	batch2_21032019_ENT1079_Ctg2_len_91643_depth_2.11x_circ_blaNDM-1	97.619	42	1	0	28238	28279	8783	8824	2.32e-12	71.6
batch2_21032019_ENT1079_Ctg2_len_91643_depth_2.11x_circ_blaNDM-1	batch2_21032019_ENT1079_Ctg2_len_91643_depth_2.11x_circ_blaNDM-1	97.619	42	1	0	8783	8824	28238	28279	2.32e-12	71.6
batch2_21032019_ENT1079_Ctg2_len_91643_depth_2.11x_circ_blaNDM-1	batch2_21032019_ENT1079_Ctg2_len_91643_depth_2.11x_circ_blaNDM-1	100.000	38	0	0	28242	28279	1913	1950	8.09e-12	69.8
batch2_21032019_ENT1079_Ctg2_len_91643_depth_2.11x_circ_blaNDM-1	batch2_21032019_ENT1079_Ctg2_len_91643_depth_2.11x_circ_blaNDM-1	100.000	38	0	0	1913	1950	28242	28279	8.09e-12	69.8
batch2_21032019_ENT1079_Ctg2_len_91643_depth_2.11x_circ_blaNDM-1	batch2_21032019_ENT1079_Ctg2_len_91643_depth_2.11x_circ_blaNDM-1	85.455	55	8	0	12762	12816	12483	12537	3.44e-10	64.4
batch2_21032019_ENT1079_Ctg2_len_91643_depth_2.11x_circ_blaNDM-1	batch2_21032019_ENT1079_Ctg2_len_91643_depth_2.11x_circ_blaNDM-1	85.455	55	8	0	12483	12537	12762	12816	3.44e-10	64.4
batch2_21032019_ENT1079_Ctg2_len_91643_depth_2.11x_circ_blaNDM-1	batch2_21032019_ENT1079_Ctg2_len_91643_depth_2.11x_circ_blaNDM-1	92.857	42	3	0	63799	63840	62042	62083	1.20e-09	62.6
batch2_21032019_ENT1079_Ctg2_len_91643_depth_2.11x_circ_blaNDM-1	batch2_21032019_ENT1079_Ctg2_len_91643_depth_2.11x_circ_blaNDM-1	92.857	42	3	0	62042	62083	63799	63840	1.20e-09	62.6
batch2_21032019_ENT1079_Ctg2_len_91643_depth_2.11x_circ_blaNDM-1	batch2_21032019_ENT1079_Ctg2_len_91643_depth_2.11x_circ_blaNDM-1	89.130	46	4	1	64303	64348	63798	63842	5.10e-08	57.2
batch2_21032019_ENT1079_Ctg2_len_91643_depth_2.11x_circ_blaNDM-1	batch2_21032019_ENT1079_Ctg2_len_91643_depth_2.11x_circ_blaNDM-1	89.130	46	4	1	63798	63842	64303	64348	5.10e-08	57.2
batch2_21032019_ENT1079_Ctg2_len_91643_depth_2.11x_circ_blaNDM-1	batch2_21032019_ENT1079_Ctg2_len_91643_depth_2.11x_circ_blaNDM-1	70.866	127	16	6	61957	62083	55657	55762	1.78e-07	55.4
batch2_21032019_ENT1079_Ctg2_len_91643_depth_2.11x_circ_blaNDM-1	batch2_21032019_ENT1079_Ctg2_len_91643_depth_2.11x_circ_blaNDM-1	92.105	38	3	0	63799	63836	60739	60776	1.78e-07	55.4
batch2_21032019_ENT1079_Ctg2_len_91643_depth_2.11x_circ_blaNDM-1	batch2_21032019_ENT1079_Ctg2_len_91643_depth_2.11x_circ_blaNDM-1	70.866	127	16	6	55657	55762	61957	62083	1.78e-07	55.4
batch2_21032019_ENT1079_Ctg2_len_91643_depth_2.11x_circ_blaNDM-1	batch2_21032019_ENT1079_Ctg2_len_91643_depth_2.11x_circ_blaNDM-1	92.105	38	3	0	60739	60776	63799	63836	1.78e-07	55.4
batch2_21032019_ENT1079_Ctg2_len_91643_depth_2.11x_circ_blaNDM-1	batch2_21032019_ENT1079_Ctg2_len_91643_depth_2.11x_circ_blaNDM-1	85.106	47	7	0	66390	66436	64236	64282	6.22e-07	53.6
batch2_21032019_ENT1079_Ctg2_len_91643_depth_2.11x_circ_blaNDM-1	batch2_21032019_ENT1079_Ctg2_len_91643_depth_2.11x_circ_blaNDM-1	85.106	47	7	0	64236	64282	66390	66436	6.22e-07	53.6
batch2_21032019_ENT1079_Ctg2_len_91643_depth_2.11x_circ_blaNDM-1	batch2_21032019_ENT1079_Ctg2_len_91643_depth_2.11x_circ_blaNDM-1	93.939	33	2	0	63011	63043	60744	60776	2.17e-06	51.8
batch2_21032019_ENT1079_Ctg2_len_91643_depth_2.11x_circ_blaNDM-1	batch2_21032019_ENT1079_Ctg2_len_91643_depth_2.11x_circ_blaNDM-1	93.939	33	2	0	63011	63043	62047	62079	2.17e-06	51.8
batch2_21032019_ENT1079_Ctg2_len_91643_depth_2.11x_circ_blaNDM-1	batch2_21032019_ENT1079_Ctg2_len_91643_depth_2.11x_circ_blaNDM-1	93.939	33	2	0	60744	60776	63011	63043	2.17e-06	51.8
batch2_21032019_ENT1079_Ctg2_len_91643_depth_2.11x_circ_blaNDM-1	batch2_21032019_ENT1079_Ctg2_len_91643_depth_2.11x_circ_blaNDM-1	93.939	33	2	0	62047	62079	63011	63043	2.17e-06	51.8
batch2_21032019_ENT1079_Ctg2_len_91643_depth_2.11x_circ_blaNDM-1	batch2_21032019_ENT1079_Ctg2_len_91643_depth_2.11x_circ_blaNDM-1	93.939	33	2	0	63804	63836	63011	63043	2.17e-06	51.8
batch2_21032019_ENT1079_Ctg2_len_91643_depth_2.11x_circ_blaNDM-1	batch2_21032019_ENT1079_Ctg2_len_91643_depth_2.11x_circ_blaNDM-1	93.939	33	2	0	63011	63043	63804	63836	2.17e-06	51.8
batch2_21032019_ENT1079_Ctg2_len_91643_depth_2.11x_circ_blaNDM-1	batch2_21032019_ENT1079_Ctg2_len_91643_depth_2.11x_circ_blaNDM-1	87.805	41	3	1	60734	60772	55715	55755	7.57e-06	50.0
batch2_21032019_ENT1079_Ctg2_len_91643_depth_2.11x_circ_blaNDM-1	batch2_21032019_ENT1079_Ctg2_len_91643_depth_2.11x_circ_blaNDM-1	100.000	27	0	0	65235	65261	55727	55753	7.57e-06	50.0
batch2_21032019_ENT1079_Ctg2_len_91643_depth_2.11x_circ_blaNDM-1	batch2_21032019_ENT1079_Ctg2_len_91643_depth_2.11x_circ_blaNDM-1	87.805	41	3	1	55715	55755	60734	60772	7.57e-06	50.0
batch2_21032019_ENT1079_Ctg2_len_91643_depth_2.11x_circ_blaNDM-1	batch2_21032019_ENT1079_Ctg2_len_91643_depth_2.11x_circ_blaNDM-1	89.189	37	4	0	64310	64346	63011	63047	7.57e-06	50.0
batch2_21032019_ENT1079_Ctg2_len_91643_depth_2.11x_circ_blaNDM-1	batch2_21032019_ENT1079_Ctg2_len_91643_depth_2.11x_circ_blaNDM-1	100.000	27	0	0	63333	63359	63011	63037	7.57e-06	50.0
batch2_21032019_ENT1079_Ctg2_len_91643_depth_2.11x_circ_blaNDM-1	batch2_21032019_ENT1079_Ctg2_len_91643_depth_2.11x_circ_blaNDM-1	93.750	32	2	0	63798	63829	63327	63358	7.57e-06	50.0
batch2_21032019_ENT1079_Ctg2_len_91643_depth_2.11x_circ_blaNDM-1	batch2_21032019_ENT1079_Ctg2_len_91643_depth_2.11x_circ_blaNDM-1	100.000	27	0	0	63011	63037	63333	63359	7.57e-06	50.0
batch2_21032019_ENT1079_Ctg2_len_91643_depth_2.11x_circ_blaNDM-1	batch2_21032019_ENT1079_Ctg2_len_91643_depth_2.11x_circ_blaNDM-1	93.750	32	2	0	63327	63358	63798	63829	7.57e-06	50.0
batch2_21032019_ENT1079_Ctg2_len_91643_depth_2.11x_circ_blaNDM-1	batch2_21032019_ENT1079_Ctg2_len_91643_depth_2.11x_circ_blaNDM-1	93.750	32	2	0	65229	65260	63798	63829	7.57e-06	50.0
batch2_21032019_ENT1079_Ctg2_len_91643_depth_2.11x_circ_blaNDM-1	batch2_21032019_ENT1079_Ctg2_len_91643_depth_2.11x_circ_blaNDM-1	89.189	37	4	0	63011	63047	64310	64346	7.57e-06	50.0
batch2_21032019_ENT1079_Ctg2_len_91643_depth_2.11x_circ_blaNDM-1	batch2_21032019_ENT1079_Ctg2_len_91643_depth_2.11x_circ_blaNDM-1	93.750	32	2	0	63798	63829	65229	65260	7.57e-06	50.0
batch2_21032019_ENT1079_Ctg2_len_91643_depth_2.11x_circ_blaNDM-1	batch2_21032019_ENT1079_Ctg2_len_91643_depth_2.11x_circ_blaNDM-1	100.000	27	0	0	55727	55753	65235	65261	7.57e-06	50.0
batch2_21032019_ENT1079_Ctg2_len_91643_depth_2.11x_circ_blaNDM-1	batch2_21032019_ENT1079_Ctg2_len_91643_depth_2.11x_circ_blaNDM-1	69.892	93	11	2	57196	57288	55678	55753	2.64e-05	48.2
batch2_21032019_ENT1079_Ctg2_len_91643_depth_2.11x_circ_blaNDM-1	batch2_21032019_ENT1079_Ctg2_len_91643_depth_2.11x_circ_blaNDM-1	93.548	31	2	0	63011	63041	55727	55757	2.64e-05	48.2
batch2_21032019_ENT1079_Ctg2_len_91643_depth_2.11x_circ_blaNDM-1	batch2_21032019_ENT1079_Ctg2_len_91643_depth_2.11x_circ_blaNDM-1	93.548	31	2	0	63804	63834	55727	55757	2.64e-05	48.2
batch2_21032019_ENT1079_Ctg2_len_91643_depth_2.11x_circ_blaNDM-1	batch2_21032019_ENT1079_Ctg2_len_91643_depth_2.11x_circ_blaNDM-1	69.892	93	11	2	55678	55753	57196	57288	2.64e-05	48.2
batch2_21032019_ENT1079_Ctg2_len_91643_depth_2.11x_circ_blaNDM-1	batch2_21032019_ENT1079_Ctg2_len_91643_depth_2.11x_circ_blaNDM-1	93.939	33	1	1	63798	63829	57255	57287	2.64e-05	48.2
batch2_21032019_ENT1079_Ctg2_len_91643_depth_2.11x_circ_blaNDM-1	batch2_21032019_ENT1079_Ctg2_len_91643_depth_2.11x_circ_blaNDM-1	81.818	55	8	2	66379	66432	62755	62808	2.64e-05	48.2
batch2_21032019_ENT1079_Ctg2_len_91643_depth_2.11x_circ_blaNDM-1	batch2_21032019_ENT1079_Ctg2_len_91643_depth_2.11x_circ_blaNDM-1	93.548	31	2	0	55727	55757	63011	63041	2.64e-05	48.2
batch2_21032019_ENT1079_Ctg2_len_91643_depth_2.11x_circ_blaNDM-1	batch2_21032019_ENT1079_Ctg2_len_91643_depth_2.11x_circ_blaNDM-1	93.939	33	1	1	57255	57287	63798	63829	2.64e-05	48.2
batch2_21032019_ENT1079_Ctg2_len_91643_depth_2.11x_circ_blaNDM-1	batch2_21032019_ENT1079_Ctg2_len_91643_depth_2.11x_circ_blaNDM-1	93.548	31	2	0	55727	55757	63804	63834	2.64e-05	48.2
batch2_21032019_ENT1079_Ctg2_len_91643_depth_2.11x_circ_blaNDM-1	batch2_21032019_ENT1079_Ctg2_len_91643_depth_2.11x_circ_blaNDM-1	81.818	55	8	2	62755	62808	66379	66432	2.64e-05	48.2
batch2_21032019_ENT1079_Ctg2_len_91643_depth_2.11x_circ_blaNDM-1	batch2_21032019_ENT1079_Ctg2_len_91643_depth_2.11x_circ_blaNDM-1	83.019	53	7	2	68555	68606	68606	68555	2.64e-05	48.2
batch2_21032019_ENT1079_Ctg2_len_91643_depth_2.11x_circ_blaNDM-1	batch2_21032019_ENT1079_Ctg2_len_91643_depth_2.11x_circ_blaNDM-1	100.000	25	0	0	5168	5192	3600	3576	9.23e-05	46.4
batch2_21032019_ENT1079_Ctg2_len_91643_depth_2.11x_circ_blaNDM-1	batch2_21032019_ENT1079_Ctg2_len_91643_depth_2.11x_circ_blaNDM-1	100.000	25	0	0	3576	3600	5192	5168	9.23e-05	46.4
batch2_21032019_ENT1079_Ctg2_len_91643_depth_2.11x_circ_blaNDM-1	batch2_21032019_ENT1079_Ctg2_len_91643_depth_2.11x_circ_blaNDM-1	70.408	98	14	3	63273	63370	55682	55764	9.23e-05	46.4
batch2_21032019_ENT1079_Ctg2_len_91643_depth_2.11x_circ_blaNDM-1	batch2_21032019_ENT1079_Ctg2_len_91643_depth_2.11x_circ_blaNDM-1	96.429	28	1	0	64310	64337	55727	55754	9.23e-05	46.4
batch2_21032019_ENT1079_Ctg2_len_91643_depth_2.11x_circ_blaNDM-1	batch2_21032019_ENT1079_Ctg2_len_91643_depth_2.11x_circ_blaNDM-1	100.000	25	0	0	67292	67316	60653	60629	9.23e-05	46.4
batch2_21032019_ENT1079_Ctg2_len_91643_depth_2.11x_circ_blaNDM-1	batch2_21032019_ENT1079_Ctg2_len_91643_depth_2.11x_circ_blaNDM-1	85.106	47	5	2	64309	64355	60998	61042	9.23e-05	46.4
batch2_21032019_ENT1079_Ctg2_len_91643_depth_2.11x_circ_blaNDM-1	batch2_21032019_ENT1079_Ctg2_len_91643_depth_2.11x_circ_blaNDM-1	70.408	98	14	3	55682	55764	63273	63370	9.23e-05	46.4
batch2_21032019_ENT1079_Ctg2_len_91643_depth_2.11x_circ_blaNDM-1	batch2_21032019_ENT1079_Ctg2_len_91643_depth_2.11x_circ_blaNDM-1	100.000	25	0	0	66412	66436	63283	63307	9.23e-05	46.4
batch2_21032019_ENT1079_Ctg2_len_91643_depth_2.11x_circ_blaNDM-1	batch2_21032019_ENT1079_Ctg2_len_91643_depth_2.11x_circ_blaNDM-1	85.106	47	5	2	60998	61042	64309	64355	9.23e-05	46.4
batch2_21032019_ENT1079_Ctg2_len_91643_depth_2.11x_circ_blaNDM-1	batch2_21032019_ENT1079_Ctg2_len_91643_depth_2.11x_circ_blaNDM-1	96.429	28	1	0	55727	55754	64310	64337	9.23e-05	46.4
batch2_21032019_ENT1079_Ctg2_len_91643_depth_2.11x_circ_blaNDM-1	batch2_21032019_ENT1079_Ctg2_len_91643_depth_2.11x_circ_blaNDM-1	100.000	25	0	0	63283	63307	66412	66436	9.23e-05	46.4
batch2_21032019_ENT1079_Ctg2_len_91643_depth_2.11x_circ_blaNDM-1	batch2_21032019_ENT1079_Ctg2_len_91643_depth_2.11x_circ_blaNDM-1	100.000	25	0	0	60629	60653	67316	67292	9.23e-05	46.4
batch2_21032019_ENT1079_Ctg2_len_91643_depth_2.11x_circ_blaNDM-1	batch2_21032019_ENT1079_Ctg2_len_91643_depth_2.11x_circ_blaNDM-1	77.778	54	12	0	14117	14170	14170	14117	3.22e-04	44.6
batch2_21032019_ENT1079_Ctg2_len_91643_depth_2.11x_circ_blaNDM-1	batch2_21032019_ENT1079_Ctg2_len_91643_depth_2.11x_circ_blaNDM-1	100.000	24	0	0	62785	62808	57207	57230	3.22e-04	44.6
batch2_21032019_ENT1079_Ctg2_len_91643_depth_2.11x_circ_blaNDM-1	batch2_21032019_ENT1079_Ctg2_len_91643_depth_2.11x_circ_blaNDM-1	100.000	24	0	0	66413	66436	60694	60717	3.22e-04	44.6
batch2_21032019_ENT1079_Ctg2_len_91643_depth_2.11x_circ_blaNDM-1	batch2_21032019_ENT1079_Ctg2_len_91643_depth_2.11x_circ_blaNDM-1	83.333	42	7	0	66394	66435	61978	62019	3.22e-04	44.6
batch2_21032019_ENT1079_Ctg2_len_91643_depth_2.11x_circ_blaNDM-1	batch2_21032019_ENT1079_Ctg2_len_91643_depth_2.11x_circ_blaNDM-1	100.000	24	0	0	57207	57230	62785	62808	3.22e-04	44.6
batch2_21032019_ENT1079_Ctg2_len_91643_depth_2.11x_circ_blaNDM-1	batch2_21032019_ENT1079_Ctg2_len_91643_depth_2.11x_circ_blaNDM-1	83.333	42	7	0	61978	62019	66394	66435	3.22e-04	44.6
batch2_21032019_ENT1079_Ctg2_len_91643_depth_2.11x_circ_blaNDM-1	batch2_21032019_ENT1079_Ctg2_len_91643_depth_2.11x_circ_blaNDM-1	100.000	24	0	0	60694	60717	66413	66436	3.22e-04	44.6
batch2_21032019_ENT1079_Ctg2_len_91643_depth_2.11x_circ_blaNDM-1	batch2_21032019_ENT1079_Ctg2_len_91643_depth_2.11x_circ_blaNDM-1	86.842	38	4	1	28128	28165	27940	27976	0.001	42.8
batch2_21032019_ENT1079_Ctg2_len_91643_depth_2.11x_circ_blaNDM-1	batch2_21032019_ENT1079_Ctg2_len_91643_depth_2.11x_circ_blaNDM-1	86.842	38	4	1	27940	27976	28128	28165	0.001	42.8
batch2_21032019_ENT1079_Ctg2_len_91643_depth_2.11x_circ_blaNDM-1	batch2_21032019_ENT1079_Ctg2_len_91643_depth_2.11x_circ_blaNDM-1	92.857	28	2	0	43774	43801	43801	43774	0.001	42.8
batch2_21032019_ENT1079_Ctg2_len_91643_depth_2.11x_circ_blaNDM-1	batch2_21032019_ENT1079_Ctg2_len_91643_depth_2.11x_circ_blaNDM-1	88.571	35	3	1	65235	65268	60999	61033	0.001	42.8
batch2_21032019_ENT1079_Ctg2_len_91643_depth_2.11x_circ_blaNDM-1	batch2_21032019_ENT1079_Ctg2_len_91643_depth_2.11x_circ_blaNDM-1	86.842	38	4	1	62772	62808	61979	62016	0.001	42.8
batch2_21032019_ENT1079_Ctg2_len_91643_depth_2.11x_circ_blaNDM-1	batch2_21032019_ENT1079_Ctg2_len_91643_depth_2.11x_circ_blaNDM-1	86.842	38	4	1	61979	62016	62772	62808	0.001	42.8
batch2_21032019_ENT1079_Ctg2_len_91643_depth_2.11x_circ_blaNDM-1	batch2_21032019_ENT1079_Ctg2_len_91643_depth_2.11x_circ_blaNDM-1	88.571	35	3	1	60999	61033	65235	65268	0.001	42.8
batch2_21032019_ENT1079_Ctg2_len_91643_depth_2.11x_circ_blaNDM-1	batch2_21032019_ENT1079_Ctg2_len_91643_depth_2.11x_circ_blaNDM-1	96.000	25	1	0	66412	66436	57210	57234	0.004	41.0
batch2_21032019_ENT1079_Ctg2_len_91643_depth_2.11x_circ_blaNDM-1	batch2_21032019_ENT1079_Ctg2_len_91643_depth_2.11x_circ_blaNDM-1	92.593	27	2	0	63011	63037	57262	57288	0.004	41.0
batch2_21032019_ENT1079_Ctg2_len_91643_depth_2.11x_circ_blaNDM-1	batch2_21032019_ENT1079_Ctg2_len_91643_depth_2.11x_circ_blaNDM-1	88.889	36	2	2	60190	60224	60224	60190	0.004	41.0
batch2_21032019_ENT1079_Ctg2_len_91643_depth_2.11x_circ_blaNDM-1	batch2_21032019_ENT1079_Ctg2_len_91643_depth_2.11x_circ_blaNDM-1	92.593	27	2	0	60999	61025	60744	60770	0.004	41.0
batch2_21032019_ENT1079_Ctg2_len_91643_depth_2.11x_circ_blaNDM-1	batch2_21032019_ENT1079_Ctg2_len_91643_depth_2.11x_circ_blaNDM-1	92.593	27	2	0	63803	63829	60998	61024	0.004	41.0
batch2_21032019_ENT1079_Ctg2_len_91643_depth_2.11x_circ_blaNDM-1	batch2_21032019_ENT1079_Ctg2_len_91643_depth_2.11x_circ_blaNDM-1	92.593	27	2	0	60744	60770	60999	61025	0.004	41.0
batch2_21032019_ENT1079_Ctg2_len_91643_depth_2.11x_circ_blaNDM-1	batch2_21032019_ENT1079_Ctg2_len_91643_depth_2.11x_circ_blaNDM-1	92.593	27	2	0	62047	62073	60999	61025	0.004	41.0
batch2_21032019_ENT1079_Ctg2_len_91643_depth_2.11x_circ_blaNDM-1	batch2_21032019_ENT1079_Ctg2_len_91643_depth_2.11x_circ_blaNDM-1	92.593	27	2	0	60999	61025	62047	62073	0.004	41.0
batch2_21032019_ENT1079_Ctg2_len_91643_depth_2.11x_circ_blaNDM-1	batch2_21032019_ENT1079_Ctg2_len_91643_depth_2.11x_circ_blaNDM-1	92.593	27	2	0	57262	57288	63011	63037	0.004	41.0
batch2_21032019_ENT1079_Ctg2_len_91643_depth_2.11x_circ_blaNDM-1	batch2_21032019_ENT1079_Ctg2_len_91643_depth_2.11x_circ_blaNDM-1	92.593	27	2	0	65235	65261	63011	63037	0.004	41.0
batch2_21032019_ENT1079_Ctg2_len_91643_depth_2.11x_circ_blaNDM-1	batch2_21032019_ENT1079_Ctg2_len_91643_depth_2.11x_circ_blaNDM-1	92.593	27	2	0	60998	61024	63803	63829	0.004	41.0
batch2_21032019_ENT1079_Ctg2_len_91643_depth_2.11x_circ_blaNDM-1	batch2_21032019_ENT1079_Ctg2_len_91643_depth_2.11x_circ_blaNDM-1	92.593	27	2	0	63011	63037	65235	65261	0.004	41.0
batch2_21032019_ENT1079_Ctg2_len_91643_depth_2.11x_circ_blaNDM-1	batch2_21032019_ENT1079_Ctg2_len_91643_depth_2.11x_circ_blaNDM-1	96.000	25	1	0	57210	57234	66412	66436	0.004	41.0
batch2_21032019_ENT1079_Ctg2_len_91643_depth_2.11x_circ_blaNDM-1	batch2_21032019_ENT1079_Ctg2_len_91643_depth_2.11x_circ_blaNDM-1	89.655	29	3	0	60998	61026	57261	57289	0.014	39.2
batch2_21032019_ENT1079_Ctg2_len_91643_depth_2.11x_circ_blaNDM-1	batch2_21032019_ENT1079_Ctg2_len_91643_depth_2.11x_circ_blaNDM-1	89.655	29	3	0	57261	57289	60998	61026	0.014	39.2
batch2_21032019_ENT1079_Ctg2_len_91643_depth_2.11x_circ_blaNDM-1	batch2_21032019_ENT1079_Ctg2_len_91643_depth_2.11x_circ_blaNDM-1	86.111	36	4	1	64243	64278	62774	62808	0.014	39.2
batch2_21032019_ENT1079_Ctg2_len_91643_depth_2.11x_circ_blaNDM-1	batch2_21032019_ENT1079_Ctg2_len_91643_depth_2.11x_circ_blaNDM-1	86.111	36	4	1	62774	62808	64243	64278	0.014	39.2
batch2_21032019_ENT1079_Ctg2_len_91643_depth_2.11x_circ_blaNDM-1	batch2_21032019_ENT1079_Ctg2_len_91643_depth_2.11x_circ_blaNDM-1	86.667	30	4	0	60996	61025	55724	55753	0.048	37.4
batch2_21032019_ENT1079_Ctg2_len_91643_depth_2.11x_circ_blaNDM-1	batch2_21032019_ENT1079_Ctg2_len_91643_depth_2.11x_circ_blaNDM-1	78.723	47	9	1	62991	63037	60980	61025	0.048	37.4
batch2_21032019_ENT1079_Ctg2_len_91643_depth_2.11x_circ_blaNDM-1	batch2_21032019_ENT1079_Ctg2_len_91643_depth_2.11x_circ_blaNDM-1	86.667	30	4	0	55724	55753	60996	61025	0.048	37.4
batch2_21032019_ENT1079_Ctg2_len_91643_depth_2.11x_circ_blaNDM-1	batch2_21032019_ENT1079_Ctg2_len_91643_depth_2.11x_circ_blaNDM-1	95.652	23	1	0	63281	63303	62786	62808	0.048	37.4
batch2_21032019_ENT1079_Ctg2_len_91643_depth_2.11x_circ_blaNDM-1	batch2_21032019_ENT1079_Ctg2_len_91643_depth_2.11x_circ_blaNDM-1	78.723	47	9	1	60980	61025	62991	63037	0.048	37.4
batch2_21032019_ENT1079_Ctg2_len_91643_depth_2.11x_circ_blaNDM-1	batch2_21032019_ENT1079_Ctg2_len_91643_depth_2.11x_circ_blaNDM-1	95.652	23	1	0	62786	62808	63281	63303	0.048	37.4
batch2_21032019_ENT1079_Ctg2_len_91643_depth_2.11x_circ_blaNDM-1	batch2_21032019_ENT1079_Ctg2_len_91643_depth_2.11x_circ_blaNDM-1	95.652	23	1	0	66413	66435	65185	65207	0.048	37.4
batch2_21032019_ENT1079_Ctg2_len_91643_depth_2.11x_circ_blaNDM-1	batch2_21032019_ENT1079_Ctg2_len_91643_depth_2.11x_circ_blaNDM-1	95.652	23	1	0	65185	65207	66413	66435	0.048	37.4
batch2_21032019_ENT1079_Ctg2_len_91643_depth_2.11x_circ_blaNDM-1	batch2_21032019_ENT1079_Ctg2_len_91643_depth_2.11x_circ_blaNDM-1	82.353	34	6	0	43597	43630	43630	43597	0.17	35.6
batch2_21032019_ENT1079_Ctg2_len_91643_depth_2.11x_circ_blaNDM-1	batch2_21032019_ENT1079_Ctg2_len_91643_depth_2.11x_circ_blaNDM-1	100.000	19	0	0	65128	65146	50567	50549	0.17	35.6
batch2_21032019_ENT1079_Ctg2_len_91643_depth_2.11x_circ_blaNDM-1	batch2_21032019_ENT1079_Ctg2_len_91643_depth_2.11x_circ_blaNDM-1	79.487	39	8	0	64240	64278	55674	55712	0.17	35.6
batch2_21032019_ENT1079_Ctg2_len_91643_depth_2.11x_circ_blaNDM-1	batch2_21032019_ENT1079_Ctg2_len_91643_depth_2.11x_circ_blaNDM-1	88.889	27	3	0	63333	63359	60999	61025	0.17	35.6
batch2_21032019_ENT1079_Ctg2_len_91643_depth_2.11x_circ_blaNDM-1	batch2_21032019_ENT1079_Ctg2_len_91643_depth_2.11x_circ_blaNDM-1	88.889	27	3	0	60999	61025	63333	63359	0.17	35.6
batch2_21032019_ENT1079_Ctg2_len_91643_depth_2.11x_circ_blaNDM-1	batch2_21032019_ENT1079_Ctg2_len_91643_depth_2.11x_circ_blaNDM-1	79.487	39	8	0	55674	55712	64240	64278	0.17	35.6
batch2_21032019_ENT1079_Ctg2_len_91643_depth_2.11x_circ_blaNDM-1	batch2_21032019_ENT1079_Ctg2_len_91643_depth_2.11x_circ_blaNDM-1	100.000	19	0	0	50549	50567	65146	65128	0.17	35.6
batch2_21032019_ENT1079_Ctg2_len_91643_depth_2.11x_circ_blaNDM-1	batch2_21032019_ENT1079_Ctg2_len_91643_depth_2.11x_circ_blaNDM-1	91.304	23	2	0	56420	56442	6058	6080	0.58	33.7
batch2_21032019_ENT1079_Ctg2_len_91643_depth_2.11x_circ_blaNDM-1	batch2_21032019_ENT1079_Ctg2_len_91643_depth_2.11x_circ_blaNDM-1	100.000	18	0	0	21104	21121	21121	21104	0.58	33.7
batch2_21032019_ENT1079_Ctg2_len_91643_depth_2.11x_circ_blaNDM-1	batch2_21032019_ENT1079_Ctg2_len_91643_depth_2.11x_circ_blaNDM-1	100.000	18	0	0	55148	55165	55165	55148	0.58	33.7
batch2_21032019_ENT1079_Ctg2_len_91643_depth_2.11x_circ_blaNDM-1	batch2_21032019_ENT1079_Ctg2_len_91643_depth_2.11x_circ_blaNDM-1	91.304	23	2	0	6058	6080	56420	56442	0.58	33.7
batch2_21032019_ENT1079_Ctg2_len_91643_depth_2.11x_circ_blaNDM-1	batch2_21032019_ENT1079_Ctg2_len_91643_depth_2.11x_circ_blaNDM-1	91.304	23	2	0	62786	62808	60691	60713	0.58	33.7
batch2_21032019_ENT1079_Ctg2_len_91643_depth_2.11x_circ_blaNDM-1	batch2_21032019_ENT1079_Ctg2_len_91643_depth_2.11x_circ_blaNDM-1	91.304	23	2	0	60691	60713	62786	62808	0.58	33.7
batch2_21032019_ENT1079_Ctg2_len_91643_depth_2.11x_circ_blaNDM-1	batch2_21032019_ENT1079_Ctg2_len_91643_depth_2.11x_circ_blaNDM-1	78.261	46	7	2	74607	74649	376	331	2.0	31.9
batch2_21032019_ENT1079_Ctg2_len_91643_depth_2.11x_circ_blaNDM-1	batch2_21032019_ENT1079_Ctg2_len_91643_depth_2.11x_circ_blaNDM-1	78.049	41	7	1	74787	74825	376	336	2.0	31.9
batch2_21032019_ENT1079_Ctg2_len_91643_depth_2.11x_circ_blaNDM-1	batch2_21032019_ENT1079_Ctg2_len_91643_depth_2.11x_circ_blaNDM-1	90.909	22	2	0	84486	84507	5627	5606	2.0	31.9
batch2_21032019_ENT1079_Ctg2_len_91643_depth_2.11x_circ_blaNDM-1	batch2_21032019_ENT1079_Ctg2_len_91643_depth_2.11x_circ_blaNDM-1	100.000	17	0	0	42197	42213	17964	17980	2.0	31.9
batch2_21032019_ENT1079_Ctg2_len_91643_depth_2.11x_circ_blaNDM-1	batch2_21032019_ENT1079_Ctg2_len_91643_depth_2.11x_circ_blaNDM-1	90.909	22	2	0	65369	65390	22221	22242	2.0	31.9
batch2_21032019_ENT1079_Ctg2_len_91643_depth_2.11x_circ_blaNDM-1	batch2_21032019_ENT1079_Ctg2_len_91643_depth_2.11x_circ_blaNDM-1	95.000	20	1	0	64187	64206	23090	23071	2.0	31.9
batch2_21032019_ENT1079_Ctg2_len_91643_depth_2.11x_circ_blaNDM-1	batch2_21032019_ENT1079_Ctg2_len_91643_depth_2.11x_circ_blaNDM-1	95.000	20	1	0	63507	63526	28208	28227	2.0	31.9
batch2_21032019_ENT1079_Ctg2_len_91643_depth_2.11x_circ_blaNDM-1	batch2_21032019_ENT1079_Ctg2_len_91643_depth_2.11x_circ_blaNDM-1	100.000	17	0	0	17964	17980	42197	42213	2.0	31.9
batch2_21032019_ENT1079_Ctg2_len_91643_depth_2.11x_circ_blaNDM-1	batch2_21032019_ENT1079_Ctg2_len_91643_depth_2.11x_circ_blaNDM-1	100.000	17	0	0	67089	67105	53636	53652	2.0	31.9
batch2_21032019_ENT1079_Ctg2_len_91643_depth_2.11x_circ_blaNDM-1	batch2_21032019_ENT1079_Ctg2_len_91643_depth_2.11x_circ_blaNDM-1	100.000	17	0	0	73568	73584	57449	57465	2.0	31.9
batch2_21032019_ENT1079_Ctg2_len_91643_depth_2.11x_circ_blaNDM-1	batch2_21032019_ENT1079_Ctg2_len_91643_depth_2.11x_circ_blaNDM-1	95.000	20	1	0	65185	65204	62789	62808	2.0	31.9
batch2_21032019_ENT1079_Ctg2_len_91643_depth_2.11x_circ_blaNDM-1	batch2_21032019_ENT1079_Ctg2_len_91643_depth_2.11x_circ_blaNDM-1	95.000	20	1	0	28208	28227	63507	63526	2.0	31.9
batch2_21032019_ENT1079_Ctg2_len_91643_depth_2.11x_circ_blaNDM-1	batch2_21032019_ENT1079_Ctg2_len_91643_depth_2.11x_circ_blaNDM-1	95.000	20	1	0	23071	23090	64206	64187	2.0	31.9
batch2_21032019_ENT1079_Ctg2_len_91643_depth_2.11x_circ_blaNDM-1	batch2_21032019_ENT1079_Ctg2_len_91643_depth_2.11x_circ_blaNDM-1	95.000	20	1	0	62789	62808	65185	65204	2.0	31.9
batch2_21032019_ENT1079_Ctg2_len_91643_depth_2.11x_circ_blaNDM-1	batch2_21032019_ENT1079_Ctg2_len_91643_depth_2.11x_circ_blaNDM-1	90.909	22	2	0	22221	22242	65369	65390	2.0	31.9
batch2_21032019_ENT1079_Ctg2_len_91643_depth_2.11x_circ_blaNDM-1	batch2_21032019_ENT1079_Ctg2_len_91643_depth_2.11x_circ_blaNDM-1	100.000	17	0	0	53636	53652	67089	67105	2.0	31.9
batch2_21032019_ENT1079_Ctg2_len_91643_depth_2.11x_circ_blaNDM-1	batch2_21032019_ENT1079_Ctg2_len_91643_depth_2.11x_circ_blaNDM-1	100.000	17	0	0	57449	57465	73568	73584	2.0	31.9
batch2_21032019_ENT1079_Ctg2_len_91643_depth_2.11x_circ_blaNDM-1	batch2_21032019_ENT1079_Ctg2_len_91643_depth_2.11x_circ_blaNDM-1	78.261	46	7	2	331	376	74649	74607	2.0	31.9
batch2_21032019_ENT1079_Ctg2_len_91643_depth_2.11x_circ_blaNDM-1	batch2_21032019_ENT1079_Ctg2_len_91643_depth_2.11x_circ_blaNDM-1	78.049	41	7	1	336	376	74825	74787	2.0	31.9
batch2_21032019_ENT1079_Ctg2_len_91643_depth_2.11x_circ_blaNDM-1	batch2_21032019_ENT1079_Ctg2_len_91643_depth_2.11x_circ_blaNDM-1	90.909	22	2	0	5606	5627	84507	84486	2.0	31.9
batch2_21032019_ENT1079_Ctg2_len_91643_depth_2.11x_circ_blaNDM-1	batch2_21032019_ENT1079_Ctg2_len_91643_depth_2.11x_circ_blaNDM-1	100.000	16	0	0	74541	74556	104	119	7.1	30.1
batch2_21032019_ENT1079_Ctg2_len_91643_depth_2.11x_circ_blaNDM-1	batch2_21032019_ENT1079_Ctg2_len_91643_depth_2.11x_circ_blaNDM-1	100.000	16	0	0	74676	74691	104	119	7.1	30.1
batch2_21032019_ENT1079_Ctg2_len_91643_depth_2.11x_circ_blaNDM-1	batch2_21032019_ENT1079_Ctg2_len_91643_depth_2.11x_circ_blaNDM-1	100.000	16	0	0	74721	74736	104	119	7.1	30.1
batch2_21032019_ENT1079_Ctg2_len_91643_depth_2.11x_circ_blaNDM-1	batch2_21032019_ENT1079_Ctg2_len_91643_depth_2.11x_circ_blaNDM-1	100.000	16	0	0	74766	74781	104	119	7.1	30.1
batch2_21032019_ENT1079_Ctg2_len_91643_depth_2.11x_circ_blaNDM-1	batch2_21032019_ENT1079_Ctg2_len_91643_depth_2.11x_circ_blaNDM-1	100.000	16	0	0	74811	74826	104	119	7.1	30.1
batch2_21032019_ENT1079_Ctg2_len_91643_depth_2.11x_circ_blaNDM-1	batch2_21032019_ENT1079_Ctg2_len_91643_depth_2.11x_circ_blaNDM-1	90.476	21	2	0	21845	21865	3598	3578	7.1	30.1
batch2_21032019_ENT1079_Ctg2_len_91643_depth_2.11x_circ_blaNDM-1	batch2_21032019_ENT1079_Ctg2_len_91643_depth_2.11x_circ_blaNDM-1	90.476	21	2	0	21845	21865	5170	5190	7.1	30.1
batch2_21032019_ENT1079_Ctg2_len_91643_depth_2.11x_circ_blaNDM-1	batch2_21032019_ENT1079_Ctg2_len_91643_depth_2.11x_circ_blaNDM-1	90.476	21	2	0	36740	36760	5897	5917	7.1	30.1
batch2_21032019_ENT1079_Ctg2_len_91643_depth_2.11x_circ_blaNDM-1	batch2_21032019_ENT1079_Ctg2_len_91643_depth_2.11x_circ_blaNDM-1	90.476	21	2	0	65459	65479	13936	13956	7.1	30.1
batch2_21032019_ENT1079_Ctg2_len_91643_depth_2.11x_circ_blaNDM-1	batch2_21032019_ENT1079_Ctg2_len_91643_depth_2.11x_circ_blaNDM-1	87.500	24	3	0	81436	81459	16499	16522	7.1	30.1
batch2_21032019_ENT1079_Ctg2_len_91643_depth_2.11x_circ_blaNDM-1	batch2_21032019_ENT1079_Ctg2_len_91643_depth_2.11x_circ_blaNDM-1	100.000	16	0	0	79936	79951	17075	17090	7.1	30.1
batch2_21032019_ENT1079_Ctg2_len_91643_depth_2.11x_circ_blaNDM-1	batch2_21032019_ENT1079_Ctg2_len_91643_depth_2.11x_circ_blaNDM-1	90.476	21	2	0	5170	5190	21845	21865	7.1	30.1
batch2_21032019_ENT1079_Ctg2_len_91643_depth_2.11x_circ_blaNDM-1	batch2_21032019_ENT1079_Ctg2_len_91643_depth_2.11x_circ_blaNDM-1	90.476	21	2	0	3578	3598	21865	21845	7.1	30.1
batch2_21032019_ENT1079_Ctg2_len_91643_depth_2.11x_circ_blaNDM-1	batch2_21032019_ENT1079_Ctg2_len_91643_depth_2.11x_circ_blaNDM-1	90.476	21	2	0	5897	5917	36740	36760	7.1	30.1
batch2_21032019_ENT1079_Ctg2_len_91643_depth_2.11x_circ_blaNDM-1	batch2_21032019_ENT1079_Ctg2_len_91643_depth_2.11x_circ_blaNDM-1	90.476	21	2	0	64186	64206	51023	51043	7.1	30.1
batch2_21032019_ENT1079_Ctg2_len_91643_depth_2.11x_circ_blaNDM-1	batch2_21032019_ENT1079_Ctg2_len_91643_depth_2.11x_circ_blaNDM-1	90.476	21	2	0	69345	69365	51024	51044	7.1	30.1
batch2_21032019_ENT1079_Ctg2_len_91643_depth_2.11x_circ_blaNDM-1	batch2_21032019_ENT1079_Ctg2_len_91643_depth_2.11x_circ_blaNDM-1	90.476	21	2	0	64187	64207	57149	57169	7.1	30.1
batch2_21032019_ENT1079_Ctg2_len_91643_depth_2.11x_circ_blaNDM-1	batch2_21032019_ENT1079_Ctg2_len_91643_depth_2.11x_circ_blaNDM-1	90.476	21	2	0	67296	67316	57170	57150	7.1	30.1
batch2_21032019_ENT1079_Ctg2_len_91643_depth_2.11x_circ_blaNDM-1	batch2_21032019_ENT1079_Ctg2_len_91643_depth_2.11x_circ_blaNDM-1	94.737	19	1	0	74336	74354	60398	60380	7.1	30.1
batch2_21032019_ENT1079_Ctg2_len_91643_depth_2.11x_circ_blaNDM-1	batch2_21032019_ENT1079_Ctg2_len_91643_depth_2.11x_circ_blaNDM-1	90.476	21	2	0	51023	51043	64186	64206	7.1	30.1
batch2_21032019_ENT1079_Ctg2_len_91643_depth_2.11x_circ_blaNDM-1	batch2_21032019_ENT1079_Ctg2_len_91643_depth_2.11x_circ_blaNDM-1	90.476	21	2	0	57149	57169	64187	64207	7.1	30.1
batch2_21032019_ENT1079_Ctg2_len_91643_depth_2.11x_circ_blaNDM-1	batch2_21032019_ENT1079_Ctg2_len_91643_depth_2.11x_circ_blaNDM-1	90.476	21	2	0	13936	13956	65459	65479	7.1	30.1
batch2_21032019_ENT1079_Ctg2_len_91643_depth_2.11x_circ_blaNDM-1	batch2_21032019_ENT1079_Ctg2_len_91643_depth_2.11x_circ_blaNDM-1	90.476	21	2	0	57150	57170	67316	67296	7.1	30.1
batch2_21032019_ENT1079_Ctg2_len_91643_depth_2.11x_circ_blaNDM-1	batch2_21032019_ENT1079_Ctg2_len_91643_depth_2.11x_circ_blaNDM-1	90.476	21	2	0	51024	51044	69345	69365	7.1	30.1
batch2_21032019_ENT1079_Ctg2_len_91643_depth_2.11x_circ_blaNDM-1	batch2_21032019_ENT1079_Ctg2_len_91643_depth_2.11x_circ_blaNDM-1	94.737	19	1	0	60380	60398	74354	74336	7.1	30.1
batch2_21032019_ENT1079_Ctg2_len_91643_depth_2.11x_circ_blaNDM-1	batch2_21032019_ENT1079_Ctg2_len_91643_depth_2.11x_circ_blaNDM-1	100.000	16	0	0	104	119	74541	74556	7.1	30.1
batch2_21032019_ENT1079_Ctg2_len_91643_depth_2.11x_circ_blaNDM-1	batch2_21032019_ENT1079_Ctg2_len_91643_depth_2.11x_circ_blaNDM-1	100.000	16	0	0	104	119	74676	74691	7.1	30.1
batch2_21032019_ENT1079_Ctg2_len_91643_depth_2.11x_circ_blaNDM-1	batch2_21032019_ENT1079_Ctg2_len_91643_depth_2.11x_circ_blaNDM-1	100.000	16	0	0	104	119	74721	74736	7.1	30.1
batch2_21032019_ENT1079_Ctg2_len_91643_depth_2.11x_circ_blaNDM-1	batch2_21032019_ENT1079_Ctg2_len_91643_depth_2.11x_circ_blaNDM-1	100.000	16	0	0	104	119	74766	74781	7.1	30.1
batch2_21032019_ENT1079_Ctg2_len_91643_depth_2.11x_circ_blaNDM-1	batch2_21032019_ENT1079_Ctg2_len_91643_depth_2.11x_circ_blaNDM-1	100.000	16	0	0	104	119	74811	74826	7.1	30.1
batch2_21032019_ENT1079_Ctg2_len_91643_depth_2.11x_circ_blaNDM-1	batch2_21032019_ENT1079_Ctg2_len_91643_depth_2.11x_circ_blaNDM-1	100.000	16	0	0	17075	17090	79936	79951	7.1	30.1
batch2_21032019_ENT1079_Ctg2_len_91643_depth_2.11x_circ_blaNDM-1	batch2_21032019_ENT1079_Ctg2_len_91643_depth_2.11x_circ_blaNDM-1	100.000	16	0	0	81434	81449	81449	81434	7.1	30.1
batch2_21032019_ENT1079_Ctg2_len_91643_depth_2.11x_circ_blaNDM-1	batch2_21032019_ENT1079_Ctg2_len_91643_depth_2.11x_circ_blaNDM-1	87.500	24	3	0	16499	16522	81436	81459	7.1	30.1
